-3770 -455 1749 -4 -77 53 11 7 -9
1430 195 -903 -123 60 20 5 -5 1
-2964 -3029 2594 -8 157 7 9 -3 -8
-6383 -4277 -3529 29 70 67 16 7 5
3458 4134 -3451 -12 -132 64 -9 -2 5
-702 5382 6208 -68 -45 -132 7 -12 -8
2353 -1261 -747 -37 8 -40 -4 3 5
481 6074 -5911 -64 -51 159 3 -9 2
-3084 -2792 1033 -29 43 15 8 3 -3
-325 1951 -7399 -86 50 47 6 -7 12
4170 -2482 2893 -135 -63 -125 0 9 2
8851 1021 -4299 -30 -80 -69 -16 3 13
543 6446 4505 62 -175 -1 -5 -2 -9
-263 -715 -7368 56 -8 142 -3 2 6
4127 -3461 1895 -62 -20 -9 -6 10 -4
5681 1033 -3439 13 -79 22 -15 3 7
767 543 -5161 0 40 -47 -2 -4 16
585 -2411 1951 -95 -14 -69 5 7 0
4505 -2033 6515 -148 -42 -116 -1 8 -8
991 -3405 1951 -37 94 -69 0 2 0
1215 -3055 -3957 129 -20 55 -12 9 6
-2495 6955 215 44 -131 22 3 -8 -2
1285 3567 -2123 141 -68 -25 -13 -4 7
2188 2627 722 -47 11 -5 -1 -5 -1
-5326 5738 -4021 104 7 82 3 -10 2
-2181 6826 -621 64 -60 17 0 -8 0
5758 -7199 8049 58 -50 -168 -13 15 -4
1117 4157 1283 37 -139 66 -4 1 -6
-14268 1301 -3341 122 -125 62 17 5 2
-1110 -2830 -1607 120 14 -59 -5 4 6
-736 -4513 5958 39 11 -159 -1 7 -1
3174 2117 -13218 -6 26 160 -5 -5 13
13952 -4292 450 -148 22 3 -15 6 -1
-6015 3481 5912 77 -68 -198 8 -3 0
6270 1846 152 -38 2 25 -11 -4 -2
3600 -1784 -3433 -42 61 67 -5 0 3
5985 -4319 5207 -75 6 27 -8 9 -13
-5775 2866 -733 -55 -125 8 16 2 1
1020 2536 -598 13 -114 19 -3 2 0
3555 5322 -2095 -41 -30 75 -6 -11 0
-1177 4790 1699 41 -11 70 0 -11 -9
-3193 -3078 -3243 113 -49 0 0 11 8
3639 -768 1307 -44 -59 26 -6 6 -5
3107 1458 -3733 -112 50 -26 0 -7 11
3415 -1552 -1983 -123 -31 -16 0 6 6
1651 -1118 -5777 -60 -3 47 0 3 11
-3529 1500 1867 -20 -111 35 10 4 -7
-3865 -4044 -4405 137 145 56 0 0 7
5263 -2294 -6225 -44 39 121 -10 3 7
-721 -1274 2648 40 56 -29 -1 -1 -3
4130 904 2813 -56 -61 34 -4 2 -7
1160 3643 -3391 -34 -42 69 0 -4 2
-2272 -4178 3374 19 25 -102 3 6 0
5516 -4904 -520 -98 13 -120 -4 8 8
1127 1663 4034 1 -101 -37 -2 3 -5
-358 -2396 -1246 -22 90 -30 2 -1 4
3965 -6356 -4645 0 6 -148 -7 11 17
-2731 11 9 225 -62 -43 9 11 8
454 1126 -286 -99 -69 47 10 -8 -3
509 -819 109 0 98 2 -9 -3 -2
1194 771 14 -74 -61 -16 -8 -3 3
2545 1808 1212 -183 -93 17 5 0 -8
493 -1764 -1809 -15 -75 86 -1 17 1
-4751 1143 965 91 52 -30 16 -11 -2
1272 1295 1098 -56 -66 -37 -1 0 -2
2786 -538 -770 -7 -3 -14 -4 1 2
-329 -1623 -2065 10 -98 -31 0 8 5
-1554 3522 -9275 171 -11 13 -7 -5 14
-259 2717 -385 -28 12 29 2 -5 -1
6601 -3303 1645 -62 -32 79 -7 7 -7
8316 2927 6405 -3 -12 -147 -13 -4 -2
4781 2647 14805 -28 -94 -81 -6 1 -19
-5614 -3618 -560 107 13 -56 3 5 4
3346 1597 5880 -59 170 48 -2 -12 -12
-749 -654 1454 33 63 -141 7 0 -1
-49 -659 -241 -15 3 -21 3 11 8
-234 -674 1524 9 65 -137 2 0 -3
-179 306 749 42 -44 -65 -5 2 -2
-2410 -1167 -3859 130 55 7 -3 -1 9
-6946 -2833 -289 2 100 -77 17 0 6
1860 1927 103 -66 17 112 0 -6 -8
656 5651 -5063 -23 -145 50 0 -4 9
1314 -187 -2865 113 -38 -14 -11 3 8
1986 -1027 -2207 -56 -8 6 -1 3 5
-2914 1059 -779 61 -39 13 3 0 1
-1458 -705 173 9 53 66 3 -2 -5
-8834 7793 -285 116 -10 8 6 -10 0
-75 -5336 5073 22 4 -16 -1 7 -6
-1842 478 3819 88 85 95 -2 -5 -10
3269 4126 608 12 -50 4 -5 -3 -1
-1500 -1042 -1729 40 8 46 0 1 0
-4996 4563 3629 54 -81 22 4 -2 -6
-2051 6938 -2299 -4 -46 61 3 -7 0
-1329 3670 4066 55 1 -87 -1 -5 -1
-992 -1369 120 -12 62 112 5 0 -10
-3038 1557 780 58 -25 13 7 -4 -4
878 1106 -4698 64 -39 147 -9 -1 6
-915 -2502 -2355 -27 125 75 6 -1 3
-750 292 1616 0 -94 -25 3 7 -4
1791 853 -727 -127 -39 -68 4 0 9
-860 3548 3222 51 -12 -29 -1 -13 -10
-3016 1557 5037 126 67 -123 1 -12 -9
-992 633 208 103 40 108 -5 -6 -10
-2863 -3533 -1419 114 -118 78 -1 16 -2
-7126 -923 -752 36 2 -5 14 2 2
-456 2383 -4667 -14 -82 25 2 0 9
-4835 6095 2873 2 -75 -100 11 -9 0
4619 -4432 -85 -9 18 47 -10 9 -3
3053 904 -2666 -105 -136 46 0 7 3
-2544 962 -3971 -2 -3 76 6 -2 4
-166 1832 1887 51 -18 -126 -3 -3 4
-2747 -1503 872 65 -23 44 2 5 -5
501 208 -2637 -17 -7 60 0 0 2
-140 -1564 228 -74 92 -2 12 4 -2
-413 2232 -708 122 -130 14 -13 -6 6
1381 724 1905 -16 -35 -54 -13 -3 -13
-1160 -3258 578 -35 67 -73 8 8 4
3838 1131 2216 -97 1 -96 -8 -5 -1
-1496 -486 -1942 -8 -10 47 7 3 4
60 301 -439 -6 -36 13 0 2 1
-1310 1011 2191 31 -61 -171 3 1 6
1380 1891 -939 -30 -21 101 -4 -7 -5
-380 2051 1 -5 -92 -9 2 -1 1
760 -3939 -1019 -104 92 105 6 10 -5
-2230 -4779 811 35 218 24 7 2 -6
740 -2819 1341 2 -6 -13 -4 14 -5
8674 1471 562 -215 -112 -51 -4 4 2
10069 9376 4871 -116 -175 2 -13 -8 -10
2288 1130 -2724 -41 59 23 -2 -6 4
-2160 -2895 -1731 70 125 -8 0 -2 4
2800 -601 3074 102 -13 -115 -12 2 1
2893 -2554 5089 -109 18 -100 1 4 -4
-7802 5103 -1359 44 -117 -100 13 -3 9
2366 -2430 625 84 62 -100 -10 1 5
1715 112 7600 -87 -20 -149 2 1 -6
-2439 2871 -987 -49 3 176 8 -6 -9
-2594 6436 -5079 4 -160 -60 5 -3 14
-1181 742 -1682 -49 5 -3 6 -2 4
-2718 -476 638 79 62 22 1 -3 -3
5199 -4681 0 1 87 29 -12 5 -2
2937 -2448 -1740 -116 115 -46 1 -2 7
588 -911 3712 -65 -28 -84 3 4 -3
762 -911 -725 64 32 -66 -6 0 6
743 -2261 753 -140 54 36 9 4 -6
963 2480 -4505 80 -12 114 -11 -9 8
-1325 -5495 -1997 23 40 -23 3 18 10
2074 742 -4241 41 -94 148 -12 5 4
-2722 1655 -1711 6 -9 56 10 -6 2
166 -634 -1439 46 28 87 -9 3 5
1102 -2008 211 -97 162 -57 1 0 6
358 86 739 -35 7 -49 1 -3 -2
958 14 -1175 19 0 65 -15 -1 5
1036 -1708 1081 -85 98 -45 0 6 -7
190 -208 205 -8 12 28 -1 0 -7
1018 -412 91 -77 29 -21 -1 0 2
1168 566 -1685 8 -85 88 -16 5 8
-254 -1354 1465 146 36 -103 -19 11 -3
-5599 -2221 740 70 -8 -20 5 4 0
3536 -6631 -1115 -11 64 -39 -5 7 4
-804 -5406 6830 -13 -43 -14 2 11 -10
-5004 1069 -3880 35 6 76 6 -2 2
-6439 3344 -2130 22 -23 -118 9 -4 10
-11864 -8801 -4055 141 18 27 11 13 5
6301 4429 2805 0 108 -7 -10 -13 -4
-3359 -4811 -11895 6 120 53 5 1 16
-6474 1279 -4265 -49 -54 -3 13 1 7
7421 -4076 4380 -122 27 20 -5 5 -8
229 10 429 62 -8 43 -11 1 -11
60 -120 338 5 51 64 -1 -6 -13
463 -1017 -1001 -26 -41 76 -1 17 0
-954 2298 -975 76 -79 109 0 -14 -5
-2475 1180 -819 144 -98 -1 7 1 9
-889 1648 -546 85 -78 55 -2 -7 -2
151 2064 1495 -86 -117 -109 11 -6 -1
-2241 10 936 140 -29 -80 5 4 1
21 -133 611 22 -39 -62 -3 7 2
-3131 229 765 47 -52 -62 15 4 2
1629 -893 3145 -80 50 -94 -2 0 -10
1340 1912 -1377 -27 -88 64 -6 -3 2
3040 1963 2261 -118 -19 -96 -7 -11 -4
-1193 195 -1649 59 -50 -64 1 4 18
-487 -1545 572 65 64 -27 -4 3 -1
975 138 -40 -12 19 27 -5 -3 -3
1204 154 -678 -119 -22 66 -1 1 0
64 1744 462 -27 -82 29 3 -17 -14
-536 1289 897 22 -119 -20 5 -2 -13
-349 -2111 -1389 39 101 51 -2 1 2
-349 3988 112 59 -130 -48 -4 -8 4
392 -933 -439 -20 19 31 0 3 -1
-919 2297 -1522 -11 -71 58 6 -5 2
1551 -3821 758 -91 21 48 1 18 -9
1171 3475 1860 -11 -113 -90 -5 -7 -1
2748 -819 1955 -44 63 45 -10 -2 -15
-15077 2445 7629 66 -67 22 18 0 -12
2017 6737 155 -35 -145 -61 -1 -2 3
-4902 4850 -2879 19 -37 192 6 -5 -6
-12265 4554 5927 85 -67 -46 13 -3 -6
-7492 -774 -1473 -63 1 -131 14 1 9
-5309 1890 -3064 -27 -33 83 9 -1 0
5458 -2069 -8947 43 74 -24 -10 -1 14
-584 4972 5510 86 -83 -81 -4 -4 -5
2287 5302 9107 -69 -76 -54 0 -5 -13
-122 6556 3101 -13 5 -25 1 -12 -4
967 -2057 2540 39 79 60 -4 -1 -8
4993 2365 494 -117 132 3 -2 -12 -1
43 -2354 -2773 -18 20 34 1 3 3
-2234 847 4487 -119 -9 -16 11 -1 -7
4440 409 -5661 24 -48 10 -8 2 8
-8268 -167 -423 7 5 -6 12 0 1
-4596 -2381 5949 -132 -26 -146 14 5 -1
561 -1562 -1060 93 64 46 -16 5 3
1236 658 1385 -56 36 -45 -3 -10 -6
-1674 -962 -145 18 128 -23 12 -8 4
381 -1532 200 -7 46 -46 -2 7 4
66 -1307 -1060 -34 55 14 4 4 7
-609 718 1715 147 -40 13 -13 -1 -16
-339 -347 -1135 25 23 19 0 0 7
1401 523 1850 -11 -19 -68 -10 -2 -7
-3880 -4930 -4999 3 159 126 6 -1 1
-6995 -2690 181 110 77 -4 5 0 0
5395 -4055 13376 26 -46 -183 -10 9 -11
-5280 2770 6446 169 65 -39 -1 -8 -8
110 -2305 321 -75 -6 64 4 4 -4
-3229 -920 1526 -23 33 -53 9 0 0
918 1603 1410 44 36 -64 -5 -6 1
-6187 2560 1352 124 -12 -2 6 -5 -3
-1083 -2834 -620 8 129 21 2 -2 0
-2685 3997 -1222 -66 7 119 10 -9 -5
-2820 1792 -3967 16 -59 9 5 0 8
2827 286 -1978 -60 -81 56 -6 6 3
-143 -3685 -2737 -17 19 56 2 13 6
4686 -418 4600 -18 43 -36 -17 -2 -15
-2277 -4961 -405 149 31 -119 -4 17 12
-2761 -3058 -1505 56 2 -69 6 12 12
-748 1969 -295 22 -123 14 1 3 0
2024 -891 -3122 80 7 85 -15 3 5
979 -1650 519 -68 -16 46 2 8 -6
1441 -968 3390 -43 45 -50 -2 0 -9
1920 -2294 -651 -174 -26 100 7 16 -7
-1500 154 -5313 149 -10 188 -7 0 11
-2751 -2456 -3783 0 135 84 16 0 13
219 1243 -30 -13 -80 -1 0 1 0
-789 388 861 43 -23 -98 0 0 5
-1820 -2022 -5756 67 52 8 -1 0 7
8749 -2412 -2480 -124 62 -36 -5 0 5
-6500 -6273 -6926 -33 -59 -22 10 11 10
-5447 84 -4391 0 78 33 7 -4 4
5239 -7989 -491 -94 45 153 -2 8 -7
598 -5181 4033 5 53 -43 -1 4 -3
-2405 -5064 -12503 102 -90 1 -2 11 16
442 8196 133 -11 10 -63 0 -11 3
-455 4413 -6653 12 -93 31 0 -1 7
-5876 -1398 -11255 91 -24 149 3 3 7
467 1357 1470 -54 -38 -59 2 -12 -10
-7 -1571 -1734 -8 141 169 1 -2 -4
2045 379 -462 -114 -67 63 -9 5 -4
-349 -1595 -1284 1 26 34 4 16 11
1199 -1259 -1212 -89 76 80 -2 4 3
-3704 -1371 -1025 115 11 -64 8 6 12
-2792 624 96 137 -124 -13 1 9 1
589 390 -229 -28 -74 35 -6 7 -2
-1261 -675 -694 113 82 87 2 -2 -3
9 545 -1744 -36 -51 104 6 0 13
-686 30 451 28 -27 -44 7 5 0
-516 -305 -219 33 12 1 3 4 4
-996 105 -1449 37 -7 124 11 0 4
1638 -3532 -519 136 -39 -65 -14 12 6
3744 5459 -2517 -138 6 107 0 -15 -1
-358 1728 130 56 -54 -13 -4 -12 0
-761 -482 -923 59 4 26 0 4 6
-1177 155 -754 77 53 27 2 -10 4
435 1091 -1027 23 -89 -1 -8 0 11
84 -846 -1716 36 32 129 -6 4 0
1722 -1704 -299 -13 98 76 -17 4 -8
1358 -1548 -572 -104 51 -22 0 9 9
-1697 727 -598 47 -68 8 12 1 5
-150 571 416 -16 -14 35 4 -5 -10
435 -8451 531 -12 19 0 0 14 -1
798 13692 -8478 -23 -176 154 0 -14 6
171 1779 5052 13 -53 -86 -1 0 -4
-3558 -3072 -3528 92 -42 -13 1 8 7
-4218 -2313 -4122 129 -31 107 0 6 1
-2766 7356 -3066 0 -35 58 5 -11 2
-4331 7140 -11515 -24 10 90 11 -16 19
3484 2565 -880 10 -101 -125 -8 1 10
7564 -1275 -1420 -126 -35 48 -8 5 0
-3251 -9690 3485 -29 168 -38 9 10 -5
2367 -3580 4558 72 36 -12 -8 4 -7
7892 -1625 -2344 -108 101 86 -7 -3 -1
-7969 -469 6819 96 -3 -96 8 1 -6
-2240 823 7618 -125 -41 -67 11 1 -9
6702 11312 -4163 32 -87 -18 -13 -14 8
-8853 -1659 2739 157 -73 -81 6 7 0
3647 -2764 -635 -8 19 66 -9 6 -3
623 2501 -2525 -36 -120 38 1 2 4
-7045 -955 229 94 -34 62 12 5 -5
5402 6470 -1796 -87 -57 67 -8 -13 0
-1045 -2592 2778 68 60 -126 -2 4 1
-7249 3372 -5394 164 -76 127 11 -5 8
1103 -2460 -6378 66 -8 68 -9 9 16
-1633 3072 -2442 -20 -51 104 7 -6 0
659 924 642 -28 -24 63 0 -1 -7
599 -4248 3630 37 204 -124 -5 -2 -2
-4669 888 -3654 119 -110 67 6 6 7
1175 -3060 2454 38 17 -125 -7 9 2
-4808 -3374 1978 72 12 -39 4 5 -1
-1425 1726 8115 25 -68 -132 1 1 -6
-915 -1691 533 -60 -20 56 5 4 -4
-9262 -2082 465 98 114 23 10 -3 -2
-235 1692 -6199 -80 -137 44 5 5 8
1006 -2745 3967 -29 11 60 0 4 -10
734 910 4545 49 -9 113 -4 -1 -14
-4400 5245 1145 95 -84 108 2 -4 -8
-5137 -4813 -3931 170 99 130 0 4 0
-1237 362 4664 71 -27 -48 -2 1 -7
4118 3047 -4426 -30 23 7 -7 -8 9
3953 -5713 2879 -40 129 -35 -6 4 -4
6098 467 284 28 -108 -119 -15 6 7
-5257 -463 -1006 81 78 -14 6 -4 3
-2392 -4483 -781 1 88 -6 5 4 2
2392 -3365 691 -86 94 96 -2 5 -11
38 100 4266 44 17 -170 -4 -2 -2
-1986 -3255 -651 44 66 -27 4 7 5
-4813 -582 2253 92 2 2 11 2 -9
-4351 -4146 460 94 95 -20 9 8 0
654 -351 -2928 -53 3 134 2 1 0
-1711 870 2814 20 5 -58 5 -4 -6
269 -4707 1637 -47 132 -62 3 7 -1
-3141 2135 4365 108 -18 -94 3 -7 -9
-326 254 -1121 46 -14 57 -3 0 1
830 -290 1599 5 27 -49 -6 -1 -5
-1591 14168 -6462 136 -117 76 -5 -16 6
-5651 3843 -5132 126 -38 110 2 -4 2
-10131 1288 9673 56 -37 -7 13 0 -15
6424 -4347 -1982 -39 52 -16 -8 4 4
-1158 -4508 3667 70 88 -149 -1 13 -3
2522 3462 -253 -135 -111 47 1 -6 -3
1452 -3418 -1613 -50 44 -11 -2 12 9
-4388 2692 1047 11 -104 -39 20 -3 -1
1672 592 -913 -61 -104 143 -2 7 -9
1792 -968 317 -88 37 -13 0 1 0
3902 -2518 -2033 -141 62 94 -5 6 1
-1618 -4358 -1043 51 175 -29 3 4 8
-58 -1808 2057 78 37 26 -7 5 -12
2272 1312 -633 -70 -98 129 -4 3 -9
-1750 755 1487 26 -47 18 10 0 -13
-46 -2101 1943 98 72 -70 -11 7 -6
-870 1043 791 22 -65 -49 4 0 0
1618 243 -257 -74 -168 59 -3 18 -5
2066 155 -2385 -102 -1 107 -3 -1 5
10 115 -633 -16 -7 23 2 0 2
418 1539 471 18 -96 39 -5 0 -8
-1462 235 -233 127 -74 32 -4 7 -2
125 463 -834 19 20 -50 -3 -5 11
-2034 -999 -1565 38 7 56 9 6 4
-215 140 -1293 -24 -51 76 4 5 0
-895 1398 645 -56 -17 -38 12 -7 0
-1048 225 951 34 25 -65 3 -4 1
1077 2350 271 -64 -55 -61 0 -9 5
3813 2408 4701 -35 30 -184 -7 -8 1
-1297 -3052 -59 46 -123 -72 0 16 5
-7569 -98 1677 9 -11 11 18 1 -5
-3733 7084 823 46 -50 -89 6 -14 4
145 -490 -1221 -20 61 42 1 -3 0
-639 224 -6499 8 -8 -16 1 0 17
-3397 98 4183 121 40 -93 0 -3 -4
1714 -5869 -7053 -6 174 -30 -2 -1 11
-4119 2852 1022 11 -114 -28 5 2 0
-4100 -8852 1687 30 77 13 4 8 -3
-5544 -1176 6418 146 -86 25 0 6 -10
-102 595 -2723 16 -3 20 -1 -3 14
-2694 -1646 -878 8 131 79 15 -4 -3
-606 523 256 120 1 -41 -9 -3 3
-2636 5944 -1281 -39 -63 124 7 -7 -5
3535 -4088 6705 80 -65 -33 -11 11 -10
-3461 -5936 864 71 178 -26 2 0 0
73 -410 -1012 -5 27 70 0 0 0
878 654 1417 -145 -4 -141 11 -6 5
-417 -606 -1369 0 -4 58 4 6 5
-46 -1495 -634 -4 52 28 1 7 2
213 1249 -1936 0 -24 46 -2 -9 12
-1280 328 161 -57 -17 15 10 0 -2
-334 -805 1151 84 -23 -53 -6 5 0
876 -1861 -1665 -63 25 -17 2 5 8
-301 4959 1173 71 -147 61 -5 -7 -10
1822 -1223 1404 -83 -27 -99 0 7 3
-2776 856 -1071 80 -64 25 4 2 2
1264 -2025 375 4 -98 47 -2 8 -3
-7024 4746 -2363 152 -91 26 2 -2 2
2337 3599 5037 51 35 -136 -6 -7 0
-3176 6115 2225 -28 -128 -117 6 -2 3
-7542 3599 -5841 14 -60 -70 10 -2 12
-2510 -10868 2484 30 84 47 2 11 -6
1375 5042 560 -94 -118 -15 3 -1 0
572 -184 9935 121 83 -129 -9 -5 -13
3317 1631 -3265 -110 -55 32 0 0 5
-1213 -4699 2240 41 32 -43 0 8 -2
-778 7046 4100 135 -96 19 -7 -9 -10
-4558 -7279 -910 106 -37 -31 3 18 4
4472 4916 770 -164 6 6 1 -11 -2
-2371 9 -1448 161 37 64 0 -5 4
1934 -141 -2153 -94 103 23 -4 -12 15
1004 2454 532 -32 -166 -84 -4 0 6
449 1374 -23 -27 -70 -7 0 -3 1
-46 189 742 -2 -7 38 1 -1 -11
-1921 -486 -1268 51 -26 -4 10 7 11
-8594 -6964 453 37 85 -79 14 8 4
-3426 4252 1909 24 -117 -9 5 -1 -3
4734 -8724 949 -33 74 153 -7 12 -11
1470 -7028 -2683 -63 87 85 1 8 0
-2834 -7572 5093 -11 137 73 6 6 -14
-2082 -2212 -10699 -84 -47 121 9 7 13
-8770 7388 -1531 59 -83 49 13 -9 0
1550 -4996 -2219 -16 -59 21 -2 13 3
-3570 -5748 -6619 -87 80 43 12 6 10
3694 -11780 -3643 -17 186 16 -6 11 6
216 -1664 -1581 32 40 67 -4 4 1
-3484 -344 959 175 58 -60 0 -4 1
-524 -854 -1941 -36 31 64 6 1 3
1556 -1314 829 -77 75 -64 0 -1 2
-1804 1036 -1481 -35 10 62 12 -6 1
-6204 1486 1019 122 -23 42 18 -5 -9
106 -1634 769 -99 7 2 9 7 -4
-744 -1114 1239 -25 -61 -32 6 11 -3
1326 -1514 -2681 -13 -20 164 -5 9 -3
-6024 1756 -2991 176 -47 148 12 -4 0
-1185 1891 -1377 -169 271 -196 2 -18 15
2450 -113 1689 347 -19 245 -24 4 -14
-2696 798 -390 -385 115 -51 23 -7 3
-253 -2657 -1113 -39 -378 -160 2 28 15
941 -2221 -1739 134 -319 -247 -10 22 17
-2571 622 692 -367 83 94 26 -10 -6
887 -469 2889 123 -69 414 -14 8 -28
2493 -978 -1309 353 -130 -187 -24 10 10
2150 1501 -1594 311 209 -227 -18 -15 13
1856 2988 -329 269 430 -53 -19 -31 3
1148 1977 -2139 164 283 -301 -16 -24 28
-2743 629 -1085 -390 89 -162 29 -3 14
1933 946 -1573 275 130 -224 -19 -9 15
-2305 -1290 388 -331 -184 57 22 13 -4
464 -149 -3139 67 -21 -447 -5 4 30
479 -1038 -2341 72 -149 -337 -1 8 23
1839 -337 1939 261 -46 278 -21 -3 -21
257 2019 -2008 41 295 -285 -3 -19 16
-1160 -1445 2476 -164 -204 355 15 11 -23
-889 2702 851 -125 388 122 11 -31 -3
-1514 1718 1230 -217 249 178 20 -13 -12
-2265 -358 624 -323 -49 84 21 8 -5
825 -2007 -2588 117 -286 -369 -10 18 22
2389 1568 1685 343 221 242 -21 -16 -20
-1230 2091 -604 -173 298 -84 15 -18 3
-2333 857 1449 -336 118 209 24 -12 -11
558 -2136 1370 79 -305 192 -5 21 -12
-2414 1497 576 -344 215 80 24 -17 -5
-1901 2046 695 -270 288 101 19 -21 -4
373 1186 -2417 55 170 -343 0 -16 25
-1470 -340 -2620 -217 -48 -373 10 5 28
-501 847 2590 -74 121 370 7 -8 -29
863 -1755 -1964 119 -250 -279 -5 19 17
-2564 816 -1585 -366 112 -226 23 -8 16
2452 -1521 -1441 356 -217 -203 -19 11 10
-426 2546 -2083 -62 366 -300 1 -19 17
51 788 2731 10 112 390 2 -11 -29
191 617 -2860 27 89 -407 -4 -3 30
2197 -762 -1985 314 -110 -283 -22 12 20
-1336 1043 2127 -190 147 303 13 -10 -21
-2534 -988 2164 -358 -146 311 26 9 -17
1028 -2556 -47 147 -360 -6 -12 25 2
1301 -1925 -1704 182 -278 -243 -19 14 14
-1982 194 1860 -285 27 261 16 -5 -18
1264 1574 -2430 177 224 -351 -16 -15 25
1841 411 -2245 262 61 -316 -18 -2 27
-2439 1764 774 -345 252 110 24 -25 -5
561 772 -2215 77 114 -313 -3 -9 25
-326 -877 -3157 -42 -124 -451 3 9 31
53 2546 -1341 12 362 -189 -5 -25 10
1588 1660 2255 226 242 326 -15 -15 -25
-65 780 -2718 -11 112 -387 -4 -7 27
-2660 -340 538 -381 -48 70 26 3 -5
-1538 303 2055 -219 40 294 11 0 -19
-227 -2448 -2132 -32 -344 -304 3 25 22
2226 -1561 -1043 316 -223 -152 -22 14 8
1033 1427 2456 151 204 354 -12 -16 -24
2625 -1026 -1869 374 -143 -268 -26 11 22
-2217 -2660 57 -319 -380 8 22 29 3
770 606 -2745 113 85 -392 -2 -4 26
2143 1913 402 309 273 58 -22 -16 1
-2528 1344 -281 -361 192 -37 23 -13 3
2732 456 414 386 65 56 -27 -7 -4
2490 -1902 315 355 -277 44 -24 19 -1
-10 -462 3021 -4 -62 431 -2 -1 -29
-3044 1288 861 -433 189 124 30 -9 -7
-552 301 2652 -86 49 379 1 -1 -29
1577 1507 1914 224 220 270 -16 -15 -19
2804 542 -194 398 77 -28 -22 -9 4
1989 1071 1788 284 152 253 -19 -11 -22
2939 -331 -1719 416 -50 -246 -28 5 9
-596 -2447 1601 -85 -351 228 0 24 -13
1887 932 -538 272 130 -76 -19 -7 5
857 -260 -2540 124 -38 -361 -13 0 18
-1359 -2481 -778 -194 -356 -111 11 25 7
2695 -449 1496 384 -64 215 -28 1 -14
-1518 2278 953 -214 325 134 12 -25 -8
1233 2135 1600 175 312 230 -11 -15 -15
552 286 2951 81 40 425 -4 -5 -30
-1833 -433 2423 -257 -69 346 21 2 -24
868 -2791 -1661 126 -403 -234 -10 24 15
1124 2180 -1315 158 312 -184 -6 -24 10
2362 1733 -443 336 249 -63 -23 -16 9
-2797 -695 -1637 -399 -97 -226 31 2 16
2080 1064 1457 295 152 206 -20 -12 -14
-2097 -1197 -1723 -303 -172 -246 23 13 19
12 -2706 1595 2 -386 231 -2 32 -15
-2664 -836 354 -380 -118 48 24 6 -3
-626 2290 -1721 -86 330 -242 10 -22 17
1172 -2726 -678 169 -386 -100 -9 26 5
1946 2224 -812 276 315 -118 -19 -26 5
-1546 -1945 -456 -217 -276 -61 15 18 2
-2731 -230 -4 -390 -32 4 27 4 0
488 -1761 -2141 70 -255 -302 -9 17 16
-631 2781 2584 -88 400 370 5 -26 -30
1889 -1146 -1587 269 -170 -225 -21 8 12
-300 -2429 1873 -50 -347 270 3 23 -13
-2819 -517 -187 -405 -78 -28 28 2 5
-1364 -2076 2041 -194 -295 293 16 20 -18
-2689 -145 -379 -384 -19 -53 24 3 2
1165 2759 -18 165 396 1 -11 -23 0
-411 -1272 2205 -55 -184 315 8 16 -24
703 1225 2986 100 175 424 -10 -10 -29
1557 2047 1330 222 292 196 -15 -20 -13
2432 1064 -604 347 153 -86 -22 -12 5
2707 -575 -976 387 -77 -139 -29 8 13
-415 2782 -2030 -59 397 -293 4 -27 21
437 -2795 291 58 -400 36 -9 28 -6
3282 163 -811 468 23 -113 -34 -4 9
1812 -1269 1678 252 -181 238 -21 10 -16
1190 405 -2752 169 63 -398 -10 -4 26
1070 -2048 -997 154 -287 -145 -12 21 12
-2340 -577 -2119 -339 -80 -302 28 10 21
2672 595 1296 383 84 186 -28 -5 -14
-21 52 -2410 -1 6 -337 6 -6 22
501 2436 -1297 73 350 -186 -5 -26 12
-1073 1132 2603 -156 165 372 11 -7 -26
-227 -52 3320 -31 -7 478 5 5 -32
-1156 -1949 2115 -164 -277 302 11 19 -18
2230 -1374 -2410 319 -194 -346 -25 13 28
-891 -772 2519 -128 -104 357 8 7 -27
-1407 -2788 -953 -205 -398 -135 10 30 10
2782 253 -538 393 39 -77 -30 -3 8
-2762 -694 -371 -393 -98 -52 26 2 2
549 2620 -1246 74 374 -178 -5 -28 12
1894 1939 -62 273 279 -9 -20 -19 2
616 2630 -248 87 375 -36 -6 -31 4
1667 2513 -359 240 358 -51 -16 -22 2
-2291 -36 -2460 -325 2 -350 22 6 24
-225 -1066 -3008 -34 -149 -429 -1 9 27
-2072 -2536 70 -294 -363 8 23 21 1
826 -1220 2142 118 -172 310 -9 14 -21
-1769 2052 -229 -246 296 -28 17 -21 3
1964 2481 -738 288 354 -105 -24 -26 10
1322 2501 492 189 360 68 -15 -25 -5
-2049 2194 -775 -290 311 -114 22 -24 3
-1142 -2134 1804 -161 -305 258 10 18 -21
-2405 -1901 523 -338 -274 71 28 22 -1
-390 128 2783 -60 21 404 1 -1 -27
-1011 -2266 1237 -143 -327 175 8 19 -12
-2554 -1987 167 -364 -280 23 24 19 1
604 1223 2588 85 182 366 -8 -14 -25
-1616 -163 -2086 -232 -24 -305 12 3 17
-2698 -239 -252 -389 -34 -34 29 1 3
1232 -72 -3004 180 -7 -425 -16 -6 32
2545 1542 -788 367 221 -112 -27 -15 3
243 -2267 2095 36 -327 298 -4 14 -18
192 -1627 2420 23 -232 345 -2 23 -24
-1838 1657 -477 -265 235 -68 15 -22 6
1739 -728 -2486 249 -103 -355 -21 6 25
-82 -1585 -2878 -11 -227 -415 4 11 25
2105 -1629 -857 302 -230 -123 -21 17 10
-2179 1212 2229 -312 172 316 27 -9 -24
1905 1756 1533 272 250 220 -19 -18 -15
-1918 -1724 1169 -273 -250 162 21 21 -10
104 -2945 352 14 -420 51 2 29 -3
938 192 -2775 139 27 -391 -11 -2 27
-1622 66 2201 -230 14 319 12 6 -21
-456 2516 -452 -65 363 -65 4 -25 4
2495 -1215 1016 359 -174 148 -24 16 -8
-1576 1299 -2319 -226 185 -330 15 -15 22
-2117 -1834 151 -299 -265 27 20 17 3
-1294 -1127 2522 -185 -161 360 16 16 -30
-1101 -2674 738 -160 -379 105 16 22 -8
2009 -1556 -1579 280 -222 -225 -22 15 13
-2802 872 -2008 -399 126 -283 23 -8 24
465 415 -2268 66 59 -322 0 -4 25
133 1403 2447 19 195 352 0 -20 -24
-335 1409 1970 -52 194 279 3 -14 -18
582 -2694 -473 82 -380 -73 -3 27 7
1793 1331 -2287 256 188 -325 -17 -7 24
3093 -123 770 441 -21 106 -30 2 -5
989 -1851 2200 141 -260 318 -6 21 -22
3244 -172 701 465 -24 100 -30 -2 -8
-129 -2951 1212 -14 -425 171 -5 30 -7
1884 877 -1533 274 125 -219 -19 -12 15
-1466 -2618 -346 -211 -382 -49 13 28 4
562 963 -2956 77 139 -425 -5 -12 31
-310 -2462 -856 -43 -354 -122 4 25 5
1678 2238 -1419 236 321 -198 -17 -21 20
1859 -1917 1187 263 -271 167 -19 21 -14
2902 -893 -1497 411 -124 -217 -28 8 14
-133 -2626 -864 -24 -373 -123 0 32 7
-1054 2781 -794 -148 401 -113 9 -29 4
526 689 -2372 73 103 -337 -9 -5 31
-1056 -1107 2500 -148 -158 356 12 13 -18
2996 -826 -419 424 -117 -58 -29 8 9
-1771 1907 656 -252 270 94 14 -20 0
2121 2061 -611 304 290 -79 -20 -17 8
-2368 1603 -253 -339 224 -36 23 -16 2
-2218 -2071 244 -312 -296 27 18 19 0
-1023 -64 -2588 -147 -6 -366 10 -6 22
1831 748 1395 261 112 196 -17 -3 -12
2877 -1441 747 411 -207 102 -23 13 -6
850 1692 1823 122 241 266 -11 -16 -20
2912 -356 -1452 416 -51 -204 -25 3 19
2441 1090 -441 349 155 -60 -25 -12 4
-2420 2114 682 -341 305 100 22 -19 -3
-174 -1003 2392 -21 -146 342 2 10 -23
751 -2676 -811 105 -380 -113 -1 26 11
-2436 2515 -340 -346 359 -46 20 -23 5
-2119 -1482 1270 -299 -208 186 28 14 -15
-1440 605 1931 -205 86 274 18 -5 -22
-824 2827 1983 -122 400 284 10 -30 -19
2686 -1319 979 383 -185 143 -25 11 -10
-437 -3237 -1121 -62 -463 -160 3 32 10
-1379 2833 733 -198 404 104 7 -30 -7
-2851 -268 -153 -402 -38 -17 30 1 2
-1730 1393 -1593 -248 198 -227 17 -14 20
-441 2382 721 -63 338 103 -2 -23 -4
2758 -338 124 394 -43 24 -25 3 -4
1371 2018 -1514 194 287 -218 -13 -21 11
510 -2755 -886 71 -395 -131 -7 23 7
272 629 2616 39 92 371 2 -4 -27
546 2123 1770 78 312 257 -1 -19 -17
2648 127 -1710 378 18 -244 -26 2 16
-309 1136 2477 -39 160 352 1 -13 -27
-260 -3290 -1174 -34 -469 -168 2 34 11
2244 661 -2524 323 97 -364 -28 -6 21
-2431 112 1253 -347 16 181 23 -1 -12
-2815 497 -1110 -404 71 -161 28 -7 9
-56 1941 -3189 -9 275 -454 2 -21 30
-2056 1594 -1735 -293 228 -247 22 -20 12
2014 -2106 -544 286 -298 -77 -20 21 9
-2708 -281 278 -389 -43 33 29 2 -1
1078 2027 -2683 156 287 -384 -12 -20 22
-1261 -2081 -1577 -179 -294 -220 12 23 11
-2183 -474 -2274 -311 -69 -329 21 4 22
-1821 -2105 1524 -260 -301 219 17 21 -10
-2381 1310 -1381 -341 188 -196 25 -14 17
-155 -2635 -32 -26 -371 -4 2 25 -7
-2869 -1101 1206 -406 -158 172 32 8 -12
-421 -18 -3512 -60 2 -497 5 0 35
-1725 -1455 988 -245 -207 144 13 12 -6
-2072 1335 -1575 -292 191 -229 21 -17 17
-3118 -340 -600 -444 -52 -85 31 2 3
-408 1362 2709 -60 193 387 5 -11 -31
-803 -3302 162 -112 -473 25 8 33 -5
-1913 -2082 -1050 -273 -295 -150 20 20 13
-35 1990 3010 -3 288 429 -2 -23 -33
-2235 1599 350 -319 228 49 22 -12 -4
-2875 982 1077 -407 138 153 30 -11 -10
-1099 2301 1861 -159 326 263 10 -21 -18
2751 807 -1186 396 115 -167 -27 -11 11
789 -822 2735 112 -117 390 -7 7 -30
714 -2468 -633 99 -351 -90 -8 23 6
1160 92 2472 161 10 354 -11 -2 -25
-806 3039 851 -117 434 124 10 -30 -8
-1909 -1290 -1662 -272 -182 -240 21 8 17
-2029 1009 -1406 -286 144 -202 19 -9 9
-2633 773 -1212 -371 110 -171 28 -9 13
-2428 848 -649 -345 115 -90 22 -11 3
-1943 -1284 1950 -276 -183 277 16 16 -18
2135 -4 1969 308 -2 278 -23 1 -20
-2252 1999 -809 -321 281 -115 26 -20 8
-2200 -1994 1268 -314 -283 183 19 18 -12
-573 1089 -2660 -80 150 -383 2 -5 30
-634 -858 -2314 -90 -126 -325 4 7 21
602 -2854 -355 89 -401 -47 -3 30 4
208 -3102 -114 32 -445 -15 -2 30 1
-1962 -1576 1725 -287 -225 248 22 16 -17
2093 -78 -2123 297 -10 -300 -20 -1 21
-1858 -1403 2246 -264 -200 315 18 10 -20
3140 363 636 443 50 90 -31 -3 -7
-970 -2562 160 -140 -364 22 11 27 -4
-1838 1530 -2171 -260 220 -310 13 -13 21
-1531 917 -2288 -222 129 -326 18 -9 20
311 2074 -2252 44 296 -316 -3 -14 17
-362 974 -2529 -44 142 -361 3 -9 25
2303 269 -756 329 41 -108 -21 -5 7
-2647 -1151 2 -384 -164 0 34 11 2
1445 1783 1976 207 258 282 -10 -25 -15
-530 -3161 358 -79 -448 45 3 29 -4
778 -2487 1111 111 -352 156 -4 27 -16
-731 1278 2348 -106 182 334 7 -9 -26
-2074 1825 1081 -297 263 160 19 -17 -12
-1704 -2190 404 -244 -317 55 14 20 -2
2216 -2208 727 319 -312 107 -24 22 -6
332 341 2589 50 52 371 1 -6 -24
-2770 -562 -1888 -395 -80 -269 29 8 23
-2106 576 2047 -295 83 293 15 -11 -17
611 -2791 761 87 -398 106 -7 26 -5
1504 1800 -2072 215 256 -294 -15 -21 22
875 1832 1854 124 266 261 -9 -19 -17
-2038 171 -1609 -293 29 -229 17 -1 19
2565 1896 527 367 270 73 -22 -15 -9
1369 -2192 691 196 -307 100 -14 17 -8
965 2492 -734 134 357 -106 -7 -22 7
1574 1686 -2192 227 241 -314 -14 -13 19
-1522 -2068 1835 -220 -296 260 11 16 -12
-1257 50 2566 -183 7 364 11 3 -26
-1152 -1761 -1271 -164 -245 -185 9 16 14
-28 1789 2823 -11 249 403 -1 -17 -28
2415 164 -1672 350 23 -237 -24 4 10
-1564 2450 -465 -223 349 -63 16 -24 1
-2364 1632 -1100 -335 231 -157 27 -17 14
2545 -1701 -1620 363 -242 -227 -23 17 18
-274 2024 -3258 -37 291 -465 2 -23 33
234 2394 2051 29 342 294 -6 -23 -20
375 687 -2380 53 98 -338 1 -1 20
-2444 1961 -1416 -351 277 -199 23 -17 14
-904 -230 3463 -124 -31 494 6 6 -38
-1823 -74 2035 -257 -13 287 18 -1 -23
1199 -2404 -1239 176 -348 -179 -13 27 16
658 -2538 1304 91 -364 187 -8 25 -10
2516 -1649 -1225 360 -237 -175 -23 16 13
-1818 1623 -1110 -264 231 -158 18 -21 6
1775 2837 317 250 409 48 -15 -28 -4
-2263 496 -1728 -323 73 -246 25 -1 20
2316 1197 -978 331 171 -141 -25 -9 12
-1391 -2923 457 -195 -413 68 12 25 -2
1334 629 -2793 192 85 -407 -13 -6 27
-1362 -1499 1617 -190 -212 228 13 16 -16
2597 -1634 -622 374 -236 -90 -29 9 9
-2576 -114 1901 -370 -16 275 20 3 -18
2411 -993 1717 345 -138 242 -25 11 -17
1860 -2435 -943 257 -346 -138 -18 26 4
-734 -2821 1280 -108 -400 187 6 23 -8
-2222 -1244 2441 -314 -178 352 22 12 -23
-1371 2548 -1801 -195 366 -252 16 -25 16
-2007 2173 -1284 -292 312 -183 20 -23 12
2523 -1170 840 358 -166 120 -22 8 -2
1600 1855 -2041 229 265 -291 -16 -17 21
312 82 2996 45 7 433 -5 2 -29
-2102 1894 159 -296 266 20 23 -18 -3
-2480 -1473 1376 -355 -205 196 28 13 -11
-37 -1315 -2317 -4 -190 -332 0 14 21
-871 -2721 1074 -122 -388 152 6 28 -11
2068 -1389 2102 293 -198 298 -19 16 -26
-2252 1520 -787 -321 212 -113 20 -16 7
243 2207 1305 34 316 181 -5 -23 -6
1936 1013 1838 281 144 261 -18 -9 -19
-1485 1301 -2362 -210 188 -343 14 -17 24
-455 1640 -2702 -65 236 -391 5 -17 27
-2578 -931 -1005 -366 -133 -147 25 4 9
-865 2537 585 -118 362 83 13 -25 -2
-159 462 -2925 -21 65 -417 5 -4 30
-1832 1434 -1780 -261 205 -249 16 -14 20
2284 -1994 -649 328 -289 -92 -22 22 10
1865 2211 972 263 310 138 -19 -19 -10
2750 -481 1067 394 -66 153 -22 10 -13
-3006 437 -473 -427 68 -67 30 -4 5
325 2718 741 44 383 100 -3 -29 -10
-1684 2213 -1061 -240 317 -150 19 -25 11
1994 2624 1581 286 372 225 -20 -26 -20
2139 1038 1518 305 147 218 -17 -6 -10
-207 -2511 -807 -24 -353 -119 7 29 6
657 1665 -1908 93 236 -270 -11 -10 18
-2525 -892 33 -360 -129 4 19 3 2
2205 1598 -1551 314 233 -218 -22 -15 12
-1368 1714 1493 -195 244 205 13 -17 -14
157 -3247 -30 25 -463 -3 0 31 -4
-137 709 3045 -20 97 435 1 -9 -31
-2835 1244 157 -408 177 25 29 -7 -5
1118 -2403 723 158 -338 106 -10 21 -11
1905 340 -2016 274 47 -288 -21 0 20
2145 -2133 -551 305 -305 -78 -22 21 6
3017 855 -70 429 124 -14 -22 -8 -3
676 -3059 675 96 -435 94 1 24 -8
2707 -1594 -327 385 -227 -40 -21 20 4
-614 3013 200 -86 434 28 5 -30 -2
1081 191 2191 157 27 313 -14 2 -24
699 -2381 -1446 98 -340 -203 -9 24 7
-1101 -3103 -317 -158 -442 -50 9 25 -1
1700 1246 -1427 246 176 -202 -14 -9 8
2963 -300 -418 418 -40 -59 -28 7 4
2751 50 -1648 393 10 -234 -31 -2 16
153 -1278 2341 21 -184 334 2 15 -22
-985 1406 2708 -142 200 383 10 -19 -26
227 -3147 -6 31 -449 2 -4 31 1
1057 -3331 559 151 -479 80 -6 33 -4
-1968 371 -1914 -285 54 -273 26 -6 14
-471 -2576 1278 -70 -369 176 2 25 -12
-496 -2119 -2830 -70 -299 -404 3 21 29
-1363 2930 492 -195 417 70 15 -28 -1
-1235 2391 -1179 -176 342 -168 15 -25 9
-2674 335 1779 -386 50 252 30 -5 -13
891 708 2397 123 103 349 -11 -5 -22
-1598 2259 942 -228 322 132 19 -17 -3
803 -2810 -1540 119 -404 -220 -8 25 14
-224 510 -2749 -29 67 -390 -2 -7 32
-1835 2215 -1440 -266 320 -203 17 -21 16
-1184 507 -2096 -168 72 -293 13 -5 19
288 409 -3326 36 53 -474 2 -2 36
1894 2356 559 269 340 75 -21 -24 -4
7 1036 2617 2 148 375 0 -8 -26
2491 732 -1505 353 103 -213 -22 -7 17
361 -2673 -1070 54 -379 -151 3 30 11
-2627 1037 105 -375 151 15 26 -12 1
1308 2510 864 188 362 123 -13 -25 -8
-277 3713 910 -39 530 131 2 -38 -8
-669 -418 2646 -95 -60 381 9 1 -23
91 -1150 -2124 13 -164 -306 -3 14 19
1340 -56 -2233 191 -6 -318 -11 3 19
2468 467 2268 353 67 324 -26 -6 -27
2076 1476 1721 299 210 247 -19 -18 -21
1017 1860 -2186 145 265 -311 -10 -18 20
479 -1075 3025 75 -158 430 -5 10 -30
1312 504 -2305 187 76 -333 -17 1 26
-1016 -2173 -1594 -145 -315 -225 11 22 16
88 -1087 3153 12 -157 451 -2 10 -34
-2775 172 -308 -398 24 -42 28 -5 2
-1050 854 -3117 -149 128 -442 14 -12 30
-2588 -928 648 -370 -127 95 25 13 -6
2788 1614 -1908 398 231 -274 -28 -18 19
-915 1287 -1911 -129 181 -272 9 -12 18
118 2882 1001 16 414 143 -5 -28 -14
2751 1232 612 393 180 86 -29 -7 -6
1575 -30 -2882 223 -9 -418 -7 4 30
1451 813 -2363 204 116 -332 -11 -7 20
1189 149 -2249 169 21 -318 -11 -4 23
-2388 1306 -1182 -340 186 -168 24 -7 12
-955 -2759 111 -136 -390 21 9 27 -1
-1408 2687 -760 -197 383 -108 18 -22 10
-2379 629 -222 -340 89 -34 26 -9 2
-1312 2261 2231 -193 324 324 13 -21 -26
184 -3068 -566 28 -440 -83 1 37 5
1603 -2812 -1038 230 -404 -146 -20 28 16
-980 -697 -2686 -139 -92 -383 4 6 21
-1750 667 -2178 -254 95 -313 25 -11 18
-1149 -1507 2370 -167 -220 338 11 14 -27
-441 -2319 -218 -71 -329 -34 0 21 -3
-267 -2311 -182 -38 -333 -26 2 23 0
-546 -226 -2561 -78 -33 -364 7 1 29
267 -2557 -1438 33 -368 -208 0 24 17
-2277 -824 2094 -322 -117 297 24 10 -19
-741 -2572 807 -99 -368 117 7 21 -3
542 3001 690 75 426 100 -5 -28 -1
57 60 2942 6 8 420 0 -2 -28
-1498 -556 2735 -210 -79 390 17 5 -32
1137 -2293 -2016 167 -325 -292 -11 22 20
2255 1342 -912 323 190 -132 -24 -18 13
120 -2668 -1049 21 -385 -149 -1 30 7
-1797 1658 -1847 -259 234 -263 17 -22 19
60 1626 -2635 9 232 -377 -6 -18 31
1915 2444 -748 271 349 -106 -19 -28 8
-794 625 2323 -112 96 328 9 -5 -25
-2847 30 -1420 -409 4 -199 28 -2 19
2278 1741 1013 327 252 139 -20 -17 -6
-1252 -2783 790 -182 -396 110 10 26 -10
-683 -656 2967 -93 -92 424 10 8 -31
1045 2844 -423 148 408 -63 -14 -36 1
-1583 -2548 -609 -227 -364 -84 10 27 2
464 2509 1714 63 358 248 -2 -27 -17
-781 2794 -778 -107 400 -106 9 -27 7
464 -3398 439 63 -486 65 -2 34 -2
-2356 -669 -1735 -333 -97 -242 23 10 17
-94 -547 3403 -10 -79 487 -3 5 -35
356 1321 2678 50 189 382 -5 -14 -22
-2901 402 -624 -412 57 -83 24 -4 4
-533 -996 2729 -78 -139 391 1 8 -26
-1126 265 -2804 -157 38 -405 10 -2 27
821 2209 2295 117 314 321 -8 -22 -22
1797 2125 -114 256 304 -19 -13 -17 -4
-1603 -2603 258 -229 -372 36 17 26 -2
2400 -131 1736 338 -17 248 -21 0 -17
738 2677 -1548 103 381 -223 -7 -26 17
-761 581 2364 -114 88 336 8 -5 -23
-1590 519 -2348 -222 73 -333 21 -4 20
-708 -1178 2583 -103 -167 366 6 13 -30
14 -2595 45 2 -364 6 2 20 -3
1631 -2540 -896 233 -357 -133 -17 25 8
-921 -101 2800 -125 -20 396 4 -1 -28
1010 3304 -47 144 469 -10 -6 -33 -3
402 -2919 1203 60 -417 175 -5 25 -17
498 683 2643 72 103 380 -4 -10 -25
-3169 -182 387 -455 -26 55 31 2 -7
-513 -1694 -1964 -73 -244 -276 8 20 17
-1289 1837 -2023 -182 265 -293 11 -16 21
-637 -2233 -1326 -93 -319 -189 6 23 13
1965 1240 1453 279 178 206 -22 -12 -16
-2103 773 -994 -302 112 -140 25 -6 9
88 -702 2651 13 -100 377 0 11 -26
2869 -1326 1716 409 -192 247 -31 14 -21
-425 -3427 -757 -60 -488 -107 4 35 7
34 -2755 170 4 -396 24 0 25 0
821 2555 -1836 119 366 -262 -3 -26 18
1466 -2376 -1120 216 -344 -157 -16 27 10
-1356 -1502 2665 -192 -209 379 4 15 -22
3183 876 470 455 129 61 -28 -4 -8
1076 -2112 -227 152 -301 -31 -8 21 2
1703 346 2486 246 50 354 -13 3 -23
-7 550 -3126 0 78 -452 4 -10 31
3247 -142 853 466 -17 121 -26 1 -8
-3445 1526 -371 -494 212 -59 35 -14 7
-643 -408 2923 -86 -58 419 7 2 -35
1032 -1460 1789 147 -206 256 -6 13 -11
-2245 -1848 -542 -323 -267 -74 22 22 6
-2170 -645 2153 -310 -93 308 20 8 -14
1127 -735 2393 161 -112 338 -14 7 -28
887 2364 2059 128 334 293 -8 -27 -22
-359 -3118 -208 -46 -443 -30 1 32 1
-1856 -1969 -1694 -264 -283 -242 20 19 16
-162 -2764 1700 -30 -392 243 2 31 -15
2374 -690 -2425 342 -102 -346 -31 14 23
26 1729 2582 4 249 367 6 -13 -25
-2448 -1767 369 -348 -252 52 22 17 -1
-336 3532 -666 -49 502 -92 4 -35 0
-1957 1148 1090 -279 166 158 19 -11 -8
3117 338 1088 445 47 159 -31 -4 -11
-1236 -1629 1989 -177 -229 284 10 15 -18
2754 1178 374 393 168 50 -32 -11 -6
2394 252 1078 338 38 154 -26 -5 -7
344 694 -2455 52 103 -356 -3 -10 17
-3232 -521 557 -461 -72 72 33 4 -2
-770 135 2872 -107 20 409 7 -2 -28
695 -2050 -2164 99 -288 -312 -11 20 21
1617 2067 2001 227 293 289 -16 -22 -15
-302 -1717 2660 -41 -243 380 1 18 -27
-236 -1665 2628 -31 -236 374 6 16 -24
1884 1254 -949 269 179 -137 -15 -7 9
-256 2011 3034 -37 286 433 2 -16 -27
-2646 860 1413 -378 127 200 21 -8 -12
1812 -2148 1649 258 -309 237 -15 27 -17
5 -2811 634 3 -403 84 0 23 -1
-637 -986 3106 -89 -136 446 9 5 -31
1096 1410 -1436 157 201 -205 -6 -11 14
1024 2785 394 146 396 56 -17 -29 -5
2650 1322 1655 371 188 233 -27 -13 -17
68 2262 -502 8 322 -70 -4 -22 7
1045 727 -2635 143 105 -376 -13 -3 33
-436 -2423 -1791 -60 -347 -256 7 25 18
1423 -1701 2193 205 -241 313 -20 15 -21
-297 -3193 -1159 -46 -456 -168 0 31 9
1915 226 -2420 273 31 -350 -18 -4 24
-1813 -887 -2599 -259 -127 -374 18 9 29
-300 2457 -639 -38 350 -90 -3 -25 9
-2591 -143 1386 -370 -20 199 25 -4 -13
-2 -3096 389 3 -441 53 4 27 -3
1960 592 -2014 280 88 -287 -17 -2 19
1551 260 -2258 219 41 -326 -15 -2 25
399 132 -2311 53 22 -330 2 -3 24
477 -346 3227 68 -53 459 -1 3 -32
-1639 -1071 1985 -238 -151 280 17 11 -19
1759 1580 -1837 249 222 -262 -22 -15 15
1198 -847 2295 171 -123 329 -13 2 -26
2719 1279 303 383 182 40 -30 -10 0
-1399 2041 -1393 -195 295 -199 13 -24 14
-536 446 2660 -75 58 381 5 -9 -26
-2469 -372 706 -356 -53 105 24 9 -4
-1248 2222 907 -177 318 130 7 -22 -10
-984 -1142 -2583 -140 -163 -369 9 15 22
-2655 -1223 1083 -379 -168 153 23 12 -11
1201 -1941 -1509 168 -284 -214 -15 19 7
1897 -1095 -2167 271 -158 -304 -14 13 24
1401 690 -2236 197 101 -317 -9 -11 21
2140 -1925 -1702 307 -273 -243 -21 21 18
-2527 -640 -830 -354 -89 -117 21 7 3
-1535 -525 2648 -219 -75 379 17 5 -30
-1325 -199 -2594 -192 -22 -367 17 1 26
1382 232 2746 196 36 393 -14 -3 -27
-1985 -1158 300 -284 -164 41 23 7 -4
-380 -205 -2983 -56 -27 -427 2 1 31
-2245 165 1606 -318 24 232 22 -2 -11
-660 1383 -2562 -93 197 -370 7 -13 28
-1953 -421 -2259 -275 -63 -319 21 4 22
2118 -1286 -1974 302 -182 -282 -21 14 23
138 -36 2926 16 -7 422 -2 4 -29
1464 -1220 -2905 209 -169 -409 -14 12 28
-1005 -2026 -2125 -143 -285 -301 11 26 15
1970 863 -2135 280 121 -300 -16 -8 22
2395 72 1354 339 12 195 -22 6 -16
52 2063 1568 9 295 225 -5 -20 -19
2967 1093 1408 424 155 203 -29 -7 -11
197 -1704 -1665 27 -245 -243 1 16 15
1845 -2345 -419 264 -335 -60 -17 24 6
2368 1170 299 335 167 40 -28 -13 -2
-433 -2693 -1255 -64 -392 -181 3 26 10
-1864 2213 -577 -264 319 -82 13 -22 10
-698 1219 2813 -98 178 401 7 -12 -25
3207 253 -25 459 36 -2 -37 -1 -4
-1494 -3321 -55 -207 -471 -7 11 32 1
2641 -2494 -842 381 -356 -120 -26 23 7
2218 -821 794 312 -113 114 -23 9 -7 