12134654 17087934
2083666960 217941666
1174765091 1887256480
312233919 1353756693
1412927012 1409433240
190122158 322507433
2074926417 647341240
301346886 1921932190
970673376 147709443
1821647820 436815013
1908039108 1503046277
39987505 811823172
2055098671 234745156
2063868796 1259703704
1286988028 1158030979
952494012 314055899
1223754946 705236456
1198490103 558195332
1774035908 169552063
558550808 387454356
912409019 374136753
1825142753 1765216440
517835923 906629574
1664620217 346924341
2002517650 307385105
950427766 821886332
856096776 662237294
278079332 1562333079
754917052 49341063
557506488 183087550
540391955 923918645
659244522 1684015546
1054546381 415931075
578486776 584305522
968774263 2109116411
2115510334 1253538405
1642923806 2053109883
275674316 1444336890
1136002433 1529417335
1663269601 311361219
777551008 1626840643
861799461 42674757
1633825659 516377674
1981940271 224010925
851286080 651198030
1029090246 1261964991
86471584 790949759
1628966916 1971540323
1925425256 337631081
191200949 536513868
878813931 1555623055
1980697898 419803256
1445559539 667277284
1036673462 34554611
836047723 1538317509
468578140 434930973
570265431 752864611
231582256 1809363047
962608228 1603718247
1562175145 592993881
342593793 598098888
570221344 61272380
1638095694 594073061
733974518 1151589140
763655658 745174345
1398369534 2107203892
335725170 1276130577
1093391521 1678151819
613726068 835806462
530068335 438451013
1096338589 1017507338
752974063 998222061
113945070 2086518792
1666862013 1365564332
1025677376 145325307
708423963 1316303095
832207173 1668034956
344963700 2110984105
1746542647 1214682305
188297286 1183530614
1469073771 698807253
1103379638 1599266134
980284021 433411958
139001163 442935544
1877822252 594454892
1138913052 255600518
1189919253 799052363
1605164307 102830606
1306934135 901474009
1179265429 590749278
787487040 1770533472
352964819 2014527253
929879919 890526109
1253299414 405645540
1683641322 159967994
1715165982 1611327409
1121665793 675149146
1225529585 2060083341
960076718 905195429
1964759515 1986271397
2004612333 604216978
1796026595 1182335131
788839933 973705829
1616201000 1926973417
2117039744 827125849
1577913912 175892055
723562181 1482530314
1857166753 475734466
1874292173 1135770915
1938417415 1687813702
1654568915 1220609356
574009402 1672884384
879477090 2122005570
241509329 655874864
303199673 1531636070
2045693427 37736054
756239119 490929978
1302650087 198923393
44231044 831717766
361814646 641501921
1492550665 1372522498
542546048 1015507361
355863574 1094096409
257131323 62428168
869047897 550540787
1051721632 44197652
347570567 1013598221
462999729 1279796290
1303192222 384641341
565959401 2026043096
874580044 573518989
1688719440 1123424542
1163749328 569012838
2001382467 502857968
1198759908 449311287
2013681249 1267783724
1745958870 346652645
1114175482 77249371
2037407781 872776349
1085823852 452955733
125448358 1095177536
1729095199 709902057
1154298389 285638268
2073240572 1199820888
2032121029 1067608705
278212515 1374721996
845840086 1960776616
1840065909 453773058
75732116 1893566965
1519354588 1024500254
64514039 1398337718
1955695385 1601476721
2135118360 1913958332
482535150 1788666385
1070014978 1135042700
713675268 895885789
1044060781 1424721180
440666630 1699768252
1760435554 605591363
1758151359 953280409
2022391640 1666518570
2112612411 1927959497
182172179 1181553295
1603615478 1888405919
1045568896 1003751840
17751671 579025026
1999591211 617364341
1157891374 163534992
183513704 1995196107
528306036 1912163988
1542150354 1073233041
940864035 136621883
1179743384 2100118003
230542137 683082531
661197371 612937863
1663824819 1241380154
1519165346 1425211493
1178891039 1745346958
937565251 1712054161
1571655518 953218130
765432926 807732608
1204141752 347625836
124536536 1956995545
1436488374 473804812
1048942244 331239502
879036685 1246249127
1429557082 232206006
518834538 1098961933
1268473346 850419649
1161362453 1456964474
539879988 1190168851
644549741 1158082077
1039981519 633123810
599986900 679652053
1544105635 376575144
1591017097 1357187816
1905460482 1676930754
1798176910 2023319963
421962139 121668413
926667779 1835673025
953953609 302347261
2132881608 305770719
1544149932 203271018
188033129 242526735
1324354366 1074665388
1903311854 557967216
45924466 2043066509
905870789 1971934758
1458777140 50050143
1994077828 51349878
836260114 513832300
1890750030 1910314097
1520229551 1971457754
1885115298 646910176
1306569295 441394669
1489850490 1376805412
257861410 1597618943
254718224 378750136
1114282297 1119527945
1685163839 1454939987
1534305437 102920989
87846483 969384508
1114574292 1638401185
150272863 1883333066
195239569 945200435
36423567 332633723
138051174 1974697961
943742658 288636042
168636264 2023965293
1738758655 1207621785
359246209 1815069567
1274502946 37754704
1569118244 1391184128
1071141748 2035400998
323945835 1317240561
686603700 1823299655
1318750569 27857857
62092496 401852225
2059011477 1736453271
1254406181 1901618384
957721468 980006696
1034778411 1133446500
1198180271 1155126881
861656778 1864262043
1383236125 1638333765
1539074100 776385893
777870585 1186317206
1937962806 2066403571
456406393 1046339885
10660067 1204695042
922603368 124695269
1362874636 1916151005
773428350 257002418
291763159 1898174206
958247212 82331277
1281023231 1368325117
1633882242 267191928
785447105 1982256253
427515626 62729184
1922326967 48498594
1805348901 318455744
702530644 489273398
567442502 1838528799
31254787 714460607
1313195241 1288073324
1182975268 493391213
861725350 893597493
388242082 488050961
1129352588 812330841
1568474330 1118115338
986297385 1986464194
273878502 1320786377
1018527593 1184692031
801105314 926992438
1602029355 1882705806
157403399 731504033
1926557536 1505052969
2041561733 1040088589
34334765 96096406
1538777959 104936506
95596092 1623641500
365750288 235665588
1066892702 592720189
1924673711 271614238
444886016 703217563
1808695705 1888459091
1117690650 1422933805
987294241 1320735507
1995651765 876629908
1519615509 1784508580
154845992 149616716
1893891027 160993175
623874955 1705715579
1451204031 2073687929
1414370038 482266795
820740023 777727965
890101880 1544965308
571212158 1355773099
1110837416 2106603151
1769107341 195049177
1475987472 650514519
1337835407 480460215
845901359 1619134312
722397573 1712525634
1610952920 89371196
1959388711 1889838940
1931822679 1457631827
338506960 1191710809
602295817 428009050
1695368008 1632168410
1237082060 1668761621
1848995813 680608321
1984257001 1439431185
1133861544 949332450
41086530 73150617
1199059023 590317539
598456113 257413026
1585972290 243796504
869251466 90659024
178138521 1777558565
381918529 1820375230
76096020 596859384
1193038175 358716912
337795186 463413391
1524412081 1238129809
1313936657 1294114229
759052098 36140476
1335747906 780195632
121010404 402634833
154846319 859018393
1899386916 2062592227
651484557 1752547303
1629317093 1387556842
1368399154 888853899
1282205555 1290775216
30365240 2067401125
1394964341 1954628785
1086704888 44566143
2048118528 1621158106
712722333 618838046
60467765 433788696
521961324 1448586366
133274473 497443219
118623890 1066967242
846894814 475432581
239526582 1595865609
1338909196 1642910502
1713203906 509241979
357309166 1521744747
930875950 1462536802
813723255 1736557864
1070882689 507976146
264908516 548262120
583828181 1719812539
547454924 1795727990
1254963920 555877782
1741706253 2115729304
507401914 489433005
246406361 952983708
1003237911 229366481
1525457580 1471204066
1705769174 1354747243
2103303615 1979632056
495544038 91650970
667063600 267660050
1473287860 956653198
1062613110 1265659217
864531318 873790304
303506024 5453657
752083743 1260472113
182722359 1742679819
113072503 1815606312
2034013973 177168835
2028151265 836951931
130382024 2044293937
897357428 1091569630
108639515 498846938
543228655 106410387
1091021188 1902390900
1577728630 1762904533
1904494901 977716421
602042572 101247972
1734046587 1815559487
620414272 64362907
1269563319 1600530235
153185841 1323289213
1909020581 1740004355
1503218687 1517302388
1598849101 1773790213
393965596 306882186
687688271 167803400
219782543 1877088563
213327361 164506702
1242749484 1655969283
464626866 1656951059
733196370 1803620121
570224104 1412327764
1684483014 457638382
829097897 1645544480
1774453143 952458844
1128568512 663460101
1275410880 458907660
1796379453 637837055
276873398 559434866
1961620784 2021039308
791567944 1701320552
221241643 374737018
1114100944 675837197
784647615 913254810
2022872725 178627894
1608273418 400228569
2022155184 670365787
285980066 943311281
398567276 1483077810
718712739 1134110118
1956973645 976376654
2143997710 2001348172
1541398957 378266670
1197036538 1404460776
966289070 814866153
1149060876 1093593011
2093189108 1532707074
152233002 196562610
927041037 690994864
784849874 297074940
1127272444 1356117721
967232474 1561982537
1972466375 308197357
537305886 1375396978
331290367 183094386
1719585145 1253899201
232610689 141740776
1067612483 86098954
1137131096 701751589
1305355819 1991388488
422312181 650697234
367372732 710361392
418021599 983361583
1270005056 2015923352
1135008659 1709627881
2140779159 1945856835
1134303475 1815529799
1026169906 778777106
396441085 648442991
1491042601 1417463536
966318164 1405869189
1638043734 80893372
2008166445 678689566
1400444863 1161005401
856041321 10975912
1493530794 1537270990
1983188622 1458019852
357484867 594712761
1736399010 1965776782
1502881987 1298617580
234899495 521548250
880869279 704781969
17709735 94489825
1294772859 2010559994
795646162 513011503
44374865 944327756
631530546 1157218654
1269703148 1904505117
355808197 739058284
1473893731 1084083000
508068772 2036466551
716870532 1212941896
1059771654 924110008
352820560 183880684
652802553 554584313
158555748 1955712968
1966734356 839556208
836026668 1053813831
114706755 1202289712
1583599926 2128611424
1799119011 1699473542
1223468117 1412030482
672722394 1139924489
2091358150 321521438
1591576601 297016829
571625975 698525287
1623408794 873387230
851865623 2023505073
32051212 467178635
1813808334 454112938
1146300373 1120045269
794571774 656883027
1314488572 804548362
1445152915 1259709754
644994835 1450070529
2078225436 1272515041
2060868044 1098788970
245473045 1091257264
349381428 453013281
833369498 1725593397
552807152 1670650398
1015546742 1659449714
94066438 9627747
426659274 884507685
414520785 1948076628
413882627 1592975352
425779356 1713751910
658124488 1300881523
1557487766 282674806
1018709879 2031951035
1717302469 140317407
522380803 98130659
741007085 1663598954
848408642 581612616
2060113661 968869705
451459846 410665689
625906871 1969411909
1241877891 676173943
848148844 2135935447
1988655969 902586020
2052872722 581541084
1159565952 1810915827
410858739 1396033982
1142901268 2066985909
1647872508 1239090072
1844130244 402329268
1813017404 1141475807
738041745 43264971
402063143 1089310257
1491690939 958318852
1125516695 64064865
1523130089 98646735
1242333583 805299786
2064513347 1024475659
1382538450 211112473
550668610 800279168
1580293347 1339876292
2060020580 1403494433
1034531126 1413163434
1337028570 2141559306
170293782 1788944287
1679376270 1664748260
899397369 225187720
34189550 1621694653
1245633101 748694519
1684937551 230831286
2026050315 1311845870
1326937373 1261691681
218753916 482904631
105062548 1501938463
554686402 1023624753
387846787 2086701887
928080464 1613808489
1074630287 180277594
973762339 576002330
50757786 737693721
535101443 1787255484
1935922512 1748917233
524923487 106623279
526224133 1441482397
911344985 1179139140
1121792491 1318846852
1207459224 2051161224
46713618 1869898769
1284246571 998311342
2121466447 2101234649
815583588 897610422
125244715 922618490
453950945 1201259304
1691618471 1781910737
495639464 1450672436
123404735 262396780
1741661790 296417374
1907595920 1827004040
1181261377 601083491
2121130371 249639444
1609605197 814858007
783044720 700377445
852820224 84592874
1043644690 1016207907
2037359781 550414023
279087852 367623549
525243516 898958618
1609984242 1576878196
711203094 2077014848
296421656 14700319
1944194999 929494939
2121659088 274363698
1905817228 278415109
1351555991 423063613
1667006418 1281663800
1305208564 336903377
94881043 1916736083
1232823627 582015145
1144472733 1071994241
142197352 468049199
1909079600 1674918489
347667373 1526040263
2090018171 505475879
545386018 116957995
842599130 2092352329
1056409592 1635871102
1828702995 12780805
225281101 614431466
285794846 324646569
1580542030 826360040
1944668467 1864231462
1489301176 162158314
1762959247 2113565426
1224186670 1263576770
2012024430 1283722576
1817089348 931831911
455727849 1413189466
1491272941 1250666331
542675250 854179237
379877941 399926827
139671856 1137363234
265257621 1241232859
8784975 757585489
1620186829 2057598403
387391043 1213837463
1858325644 1204351725
2024420387 732309538
1850024888 1732879178
2100051350 1175266941
1669301005 1235006212
1215626627 838818732
2024786078 1962331834
1553742584 363773491
350461768 1883886189
1810774702 1875197004
1699654877 1198859034
272045345 1882594505
273428952 1801344403
2052875331 1082810183
1203415415 725859260
801892459 1756638655
1946673488 1312713710
827950771 203523381
1822059284 1686922873
233579968 1169075637
178415460 874797761
741465008 1391770270
2102269562 264290422
296084443 1510097182
571623402 1863642201
1580164383 1782711641
2040006279 1456403774
1809106798 2041906562
1584479760 1814707943
1554103520 1909155423
2121745826 1875679922
1216139147 887473695
2048775130 1238940989
1010813912 1795878363
6287567 1372081924
448439866 1223396277
1408710539 908878214
190820798 1516843431
932067015 1094313336
1504599887 1943776797
1190357384 194263263
378897436 1368365471
840193497 67636215
1427125054 692590825
445929235 26297079
14724615 223465032
515984900 70200791
619247714 2080671042
990575836 409181839
1314844108 1209448910
978195526 1965390915
1544887697 1999784446
1850231249 57576569
1273393383 434722981
100562079 1450301014
77231564 1660838241
950773360 463221507
222044193 565631833
1717656912 507122785
37053363 157862582
2133097958 912716166
885377088 2095030781
618527953 2078408774
1778454591 728909208
1808911991 804306920
457842158 342481207
519242305 581228491
1679362374 1754124653
665847297 218407400
358236162 746382277
1478512193 285747348
821148314 22770627
1309797776 1796792300
2063839482 391578264
794307630 1870804297
1169987658 1759380490
1622296074 519844881
1477733406 85835556
616977087 872168613
1482853493 1181702335
770933416 492781171
1309080361 1511031169
743663812 1850972091
402862744 69187579
2045683064 416554824
582068178 628522443
1031855561 1905364884
1465964202 1438681848
380460983 1285308122
1348924162 158311585
383529355 1111703509
1379444838 1718711703
95939254 196880962
1838306728 1025778727
573948107 834482138
1996775672 936516619
1081767635 2062946399
672085943 1668914739
2131944428 1629316358
825351201 1436312937
1080759234 752238532
903759512 1652674696
334282953 1537731860
476370519 82355505
540276817 390351258
871603803 624056140
1059160834 1060817471
824187055 2120063573
842310235 1403018145
495918621 2044585503
520229140 133366487
1085229043 1725203918
865911730 49978765
2029254038 900829734
1484818659 1703205458
1587223673 1166721370
426409077 1048608695
504427100 1200756555
1788314991 1136033875
28930325 1496253980
900668053 1505852676
2063222715 988039540
1165722896 192319117
811401491 2011774373
703700787 1150241743
906683080 129483168
78566448 1104589758
1911332278 1928220702
1701204520 905277968
547091482 1675544172
1589045167 1663613298
975487677 1274011840
1131226141 336329501
845024896 2132455098
1024069461 406383907
1601483969 1441943099
1728519132 1942848912
62274908 501483015
829842667 650948081
1406900651 2081578694
1984287887 1272778591
1652962546 935709138
1493053030 1739736694
395860015 1481940139
314933699 2052168099
1690972885 1080638013
382693797 1099739893
221123414 1896104810
1274509788 1122248370
1684111738 1776072695
1031513106 962904811
5290311 242076113
867427450 797527296
1734156314 1648249094
317112314 510378771
1799733191 561256557
808573142 1909056042
412279378 1373426965
1397260824 1725360978
1028989023 1188971084
532700270 1322729689
234113547 501025115
556343125 22493651
315102837 1311785686
238707957 504033464
465180703 1357103881
1451600241 1920271663
1631020567 1596789212
2081399261 1128994328
1716253644 992696969
74648204 1672775088
481914780 1141145648
1380874623 1286029058
504015632 598874889
1315223256 1012394652
908085021 1164375560
18668718 1630647476
232530964 1266200505
1875158055 1232499588
1458910660 100655860
2090664821 1151008546
676214333 636608782
650834807 1399010999
1446387078 1889169167
2060219553 1339274049
83703043 249909991
195254916 989530362
294360596 1288827528
1663697931 392350498
1534042377 492606065
2109048004 1648424031
404725846 364828110
1146583673 1251792410
1261027580 1524047471
574424817 948177362
1418906054 150472591
1895633290 672746007
1988801785 2022277610
208634940 1345854278
1834124676 56564294
1153160494 963320337
128508483 972578836
1621008546 1212985489
1313086780 880904064
1507554888 1943862744
1462935310 48043606
1013480667 1978050113
1876765912 1039091709
564875848 1367825807
1990657596 1934802682
1334479359 796454792
275377445 1417016038
441458830 1279529701
42555425 401025604
116973524 489336626
1026480863 595640293
1327728090 1641517367
623432653 1980699098
459885258 59227824
497885653 685558147
1367881259 2001797214
1167878878 579136582
539768966 1707316723
926086634 2053098661
1924067829 902639728
999245477 1026596305
996612399 1645084130
1839627040 205740464
1289595421 1333554016
1825275223 1163587511
596775566 97956196
1258306272 1832030069
2082041495 546877239
1772862247 1442214845
160183204 27914549
1402099937 990948110
755582628 1005464532
1006424085 1648001972
1388392823 1466454591
160867859 1873589747
24194640 924367679
764905197 1884499290
924535037 1405424317
1616180814 81313530
1777773642 1632783561
1101620383 1297944484
1477256294 242785939
1188090291 701799790
930571031 23131665
2131400563 2044588422
274546734 274269536
1512084582 28088501
284091076 797850514
862567051 70435996
1649808907 549349715
29449885 532019609
1042978385 1509095213
1576189881 742236836
1812544222 2044627655
1375206459 20602032
1875947399 195758111
1840513386 511729281
1154027114 1327215357
1808888941 132856796
70440808 744229774
635170559 1608973738
170375876 877729596
911646481 1180456853
1894068469 501661665
1458659002 684627643
8532462 35111570
1671168132 505997987
384175411 1697313146
1500289795 206770222
1765085138 1648878553
446814708 830223102
2011967444 1507019975
859325646 1500154747
858606247 821215597
1652569136 497442814
1323462101 1047417487
1939399528 1682013656
981072930 419463000
513292844 1422649084
471019109 461869998
793442121 1898933951
1655763424 248760173
1322769342 1321240506
1033617250 1631116520
1009900167 285103312
1828844528 1146763576
456542585 1886092024
152155364 978875939
1769662818 237766528
74471176 1075463520
1801572478 429891342
1656698693 150488721
2009449896 1451357237
1496569350 1106171146
1512591786 953989558
218734116 1538111597
1919767595 1232771056
1739656637 319785806
419244154 268186790
342650471 613115974
1522808490 1249041647
132186484 1885952812
1160145590 701424428
1562900017 1231385386
1788099262 4102293
698140316 453289879
1941127451 44869926
2104987380 1252681770
877294982 1504671091
74042172 1933808474
1033753191 49680658
1147176907 1543292266
494093183 53257656
2052347379 262387317
920060739 1987112548
1578581973 405227606
1214245173 1460712350
281525170 1715264899
687057849 1319929544
361698224 626695581
1683329758 1767738809
773677128 257335694
178007711 805870826
330878506 671860088
1239888259 60270854
1768142172 1641535396
286777618 703493310
918121858 166656999
1204063711 226257067
960385096 1700536162
705217620 1166152974
630291547 1528852790
1920683425 977496935
2099625918 243857501
961516322 887561564
390380179 1185498194
557126868 1186580965
602569556 1913412378
2001132087 1204724615
1285590542 1552213552
1087266927 1195924762
756889766 1976271495
1500655981 1082768111
1477122299 842485395
1083519973 714678806
58859651 1083339018
1411676737 483449781
651586703 2047070349
1198601268 1967767168
1494902416 739776071
1413719459 1372640925
623877005 289646137
1485658381 1390137157
668045798 889187738
801220470 225648409
1389972600 237293255
942376134 1852422654
823787513 1369837448
569658782 254477631
773050748 283265161
387857286 464206182
1104537157 852238524
1107353031 1209050072
1189107115 2040434640
840462823 1630521432
1658719842 1624381522
1619162787 1597529198
356186325 341636535
1386640086 610255672
767388158 618357213
1853471271 845819070
2041351962 573231206
803680862 116753231
1939591651 798123873
2062600544 380846403
1446313134 1376700893
817442745 847349588
1307325356 1438421586
1312065835 1607103002
1528401449 769745314
1791251576 613991700
2139474186 571538453
676458734 10251754
463515120 941178524
1375434171 1611979719
1408135689 2098034098
1266735083 1022635685
2011147270 1588040693
2107046757 1883512138
1129505869 999250359
1997184450 183884022
1509648540 715712911
143722475 1608497592
1772018097 1516006147
1004939683 1479966665
62368526 1279885113
255796746 377249080
2061132375 1676497767
393116868 449957309
1455502304 239656981
641000351 2135207109
1514925905 104720774
793566503 1947460363
1598768051 1910018595
1179241893 592182594
391917488 91169757
624875467 661347444
1086940039 1558056669
1705334091 1928667712
1233314575 1008061208
805901181 290613995
601787438 864970441
1740976743 1611092537
1131429226 75061069
2110790844 467949210
1779350315 1143316764
1830959730 861270791
1647004247 1266430088
136169499 1577282346
1530685638 110903028
1526910453 1870816264
354401921 189555900
1460933116 1772512680
1722344461 916112506
1511278114 683518102
1762168929 163549134
826213926 530360942
548192780 900475395
771207830 1778776765
1626189165 494565314
336920786 1734052042
1860756810 1956010263
2082838056 157897624
128277445 456744901
2032920174 1465996069
824540648 1215110755
342696845 390404094
154732661 1027019049
2136620557 576523284
2107640012 114860491
362924419 1775468154
817152653 1845877258
726716406 1097123241
1183135153 141747644
1401428898 417624182
214848390 707894933
1036880123 36519779
14431856 1909661569
2038035328 538049724
895588046 531000386
435407299 1702305661
1413688964 682293323
111347540 1171784141
959848243 620491878
272263837 809018229
1798140349 128811364
1954965059 888193579
597947513 1628723201
1627866678 721318801
613594366 1627474260
464036468 563229906
1547795419 527821506
1328191022 725928118
1961479836 785515879
570138555 1665723777
246660971 69728593
987500887 762037854
1173783793 81860971
999427609 141020661
1910221276 1832649788
208463082 396562030
1093190917 1924004419
1537141934 1392027740
516211328 1955206557
129855816 16910944
643314160 264391964
1748408122 2116663770
1476564553 499884704
299417539 808289092
756393052 1439861236
1742318371 233487801
57850905 695462615
1637551891 1211518761
184212085 947437127
1528577268 925810905
451274215 683501185
1800973948 1494432274
187139571 1617111877
1338710589 724329864
522699704 945608337
1805808898 695118342
1991249282 1772985954
541527726 139201643
420794896 2073661437
636167501 1350955110
1893594541 1465690008
2083285694 1473625753
1209278370 140399835
556329382 1929529000
84124236 1781104963
831794726 1209861328
2002901559 398383723
960335388 1812117695
2017258911 1429345741
1746181988 1593652995
569152414 64518811
852458360 536237631
1404247383 1106288710
340485551 186470461
1644220049 1011658354
586793947 2129756801
1000960205 1153391887
1898758484 1866228902
826846168 2091304086
436865839 428257130
157566980 722336208
380896109 1346603676
72152256 1871016800
1482189684 1279694568
351713788 1916869620
1378638372 585528731
1574050721 1025095934
219420454 87635940
570148479 1879158797
413453639 1312524354
1805712628 1800538140
373239392 818394556
234728457 1761926111
153717260 992948293
103161479 919534010
815674424 486696867
1651925367 2020852424
1241054753 1270177576
2046054007 2083649246
374056238 288662774
1078557297 1166862018
403026352 1395377362
500475426 436052947
1944523130 1224580390
1194105864 85138368
1102575033 1577945017
342189668 2033923811
220543410 878907235
116317148 44210553
732187666 1636342392
796805152 1287583925
196166972 491932201
590900259 1332589592
1296269285 1854516841
176274180 1526606716
1260194047 2078924878
1597621215 2019445275
1231722064 2065164901
1957856215 1384042431
1944966171 895928631
50361363 1345263715
314871023 1614268779
637577353 924099714
1966656988 1834462657
1683186339 2006215649
510717642 1260531414
139272035 310231096
2135400662 761764485
932217570 1918451501
1887494125 1782578837
485325391 1488272831
720955231 647382110
991831043 1747284313
936271687 740836898
1305561840 1040213514
1737423481 1831383787
1541296908 1562453522
1629382642 1568277822
322597550 1392705365
1648297822 305104580
402448054 260330054
1518439175 1465218037
1859036924 165950082
1094001465 462404912
127636641 1949963881
2000345581 350768094
951686082 1165592526
529777318 245271146
500183164 406142655
1327442990 533886042
126724247 1409369382
1698125152 1534985209
331761034 642751198
1040150826 1546830449
1298046002 1193681136
2120269388 1048383199
23965798 1053257374
1213724997 111357629
128861726 192541018
1115512706 1985739309
889811432 689600894
2132103563 1728225774
1352449499 2036585392
1651809845 507064866
1446960146 1657021827
954355194 924694955
292386115 502569910
690850469 1576849098
1827236801 672425290
1352762307 1573332832
466722960 589957317
1602509876 49006040
1791068905 1191061493
1216806336 1297131119
377318771 1783033317
77374606 1951640441
1207396607 1823100915
1141793346 1171897552
206896630 1799986965
535635917 2129913542
181408795 129502110
1658322472 2018939040
1383016138 1251015333
2136719885 520985603
1629562061 1462536043
1190609036 1699920175
313445306 1496615555
297871851 1779570325
547818600 145794428
924815511 338922769
2035140038 610559553
1626572897 254611435
343853569 299667104
268440106 1928414639
1957202842 1676876307
1701144395 1542592473
1684054254 633288105
65379518 20401410
1469415409 1248951784
402838563 1843143233
1639272997 119504933
1193553216 481545001
404154685 295748143
137015334 1734809144
714248954 1994858906
2096066795 667520046
1272878177 1015500878
31429425 781155516
2100852460 1640038810
101171246 1476234502
1725566745 1513271288
1981114127 462090343
1998669401 1797789211
697416233 1268828911
508882705 1406750441
1511740581 1817619371
944917210 712775709
581978905 1560740552
1678927897 485881538
1953526946 1318811911
49902439 364524213
1191669943 1614765852
964240079 1295990380
1071407491 405512223
495321142 167074028
1215817822 1029311103
943233149 1694595921
195253089 40104714
263654207 1011883547
977493288 115146222
479791866 535603726
60797377 571831513
1766782914 1271649132
1064048529 102684924
1367298334 311709128
2108076638 1240886806
1258846660 1233130302
426924376 481080296
575122805 1486293205
265088488 1725619579
1461133938 786998073
802592521 198266353
827713640 1327994631
2131565861 1241970051
905226573 1982842169
1368857063 428193009
388347530 1922118711
754133477 561330046
272863345 1161476267
1136653070 1265312128
1861107425 1299326361
1533173420 375377549
389389587 1530138040
1088116300 740773922
2147399895 147782665
739863783 1823830528
960284751 2031308323
1166202852 1328221160
288087395 1439333175
1456707427 513259034
1568149789 7994775
1974187739 1516211212
1550983223 641241045
1218521675 1664678984
1289733933 1176133218
2005762760 101390339
1803900361 97822356
2126722628 1813890370
1109388128 1098794786
1033244042 1372001400
1179844252 1631389567
1925830613 580453167
561585107 835681848
370264784 865659560
1780099329 515817434
1534736146 1097953296
884321705 1554626903
60575048 1726673945
177583058 142691731
1783670123 892491172
1419528788 771921145
1624505393 416831198
2102535840 1084469915
476451495 1385887693
1901240449 1921741106
1739042630 1661311914
837046740 1853054420
79187683 1801042976
1615010688 1565012995
1438818783 562547479
1561420661 1946126141
546883087 1930297843
234034049 239219770
1367703886 357947751
334254514 1989948406
2145879893 2003459363
962993933 1355836022
1602268139 848991990
2023162440 1261913589
35062482 457207464
884615696 172054525
706714491 924713326
18398680 1389356451
2136453239 1858434058
1443010033 1636027587
1136799060 1124017299
19794061 1264698574
1966301589 1747232285
4962640 376876957
1802711894 893617610
1479510582 1459118668
421203061 2096052369
1053745715 1999359241
6595196 1007342484
1323793175 2104309790
1061309305 1161369990
426317153 430182355
1106944079 1313075362
758301792 480957897
1610256846 2020422017
997891228 1968837749
1858069573 878183994
2015602384 1639866241
1822220110 1736090891
789098903 1589042580
1673742496 853475634
701838219 796044766
1814757409 952003815
2065018369 173591712
1280508616 2111823005
1574682525 907034912
100732047 585642116
786400093 55852328
1411999413 955747903
1779834941 515837212
1386134324 2052657134
856980812 1064526381
103686855 764231835
1055734268 760819119
1215950762 1381845902
1030072082 93975975
1555803707 828826761
632017677 676236621
866979277 866497891
644163644 180703842
993300181 1824066715
2005753936 547389118
1655595393 381322290
646155972 725922153
118618525 497579364
756725259 1196371596
883270479 2070559039
1719972489 1918956542
300250356 391609184
1868646489 1215859970
1540686895 48539360
2114312386 138787683
836364593 1418751100
1499244936 1280845270
1384009101 1627831040
1645579850 605488110
1966132884 264122140
1464504999 1976891348
1625439926 938921216
629362795 23647601
1343534090 1179531314
2134386072 922125183
1059872616 1011157224
2049688894 1562030688
1336059931 485010631
1070247285 81449407
323091723 1749251287
1363928845 1199358384
1311649837 216914591
979174004 1701443036
810298267 1992194888
1489167842 921725988
1669498356 1068968202
237537590 427008626
122175357 585341740
406858567 588787961
484003521 1585081033
2126606258 751684980
1301041185 701969868
920702541 1790515862
1627929952 216833793
1677040484 2096210072
296547713 1021906166
1915351351 733167396
530287727 192869756
488692639 674382131
1479717545 1542724275
1752146555 553051506
2031382221 980030269
745968341 123855136
480376001 16796608
1288419734 1187729849
1392856637 1536617120
22262112 2107315787
497161806 234963181
2087086612 1046570244
666797786 1586936096
1300719256 103117879
1952492779 1883527110
1996010493 1721963771
1106306064 411149159
772601922 1684672162
1434373292 2046670953
2007981069 2015875675
432314078 1555695061
965531145 1748121235
1295517283 337709467
422278448 25317180
1947905848 167400637
65388821 1762668613
1625770930 327040336
1897579729 411769959
342863706 1586537904
811681841 209344670
1120575943 1366006435
88289811 11242750
2123137047 1532906206
976070377 1218928794
187246806 7371021
993525587 1471752936
1499185284 2079447249
381437937 1465012052
588720864 960266382
1174399519 1731488674
610516256 626241414
269849226 1319480022
2017962565 402655589
687592884 1860931269
764096881 1919815536
224069907 1053919265
1404093758 1996727032
2053477470 649517018
586147353 1722213325
871073082 1719952058
729267575 2087998698
1110959596 1935146507
1675102954 213362191
2092219355 2022234396
1033463507 1407354931
573425213 932185103
1798430802 1282251322
394157689 779890428
1768711675 702518078
1268479951 335873361
1272372688 1588957628
125610390 1047724936
157399729 1490498806
1864875846 723238985
444515757 1974879303
2028203633 452261136
1010531000 1926024101
1693836524 99849800
1267234236 896391932
1810477153 86946169
993716128 795477561
406640577 1489738671
1115212885 537984399
145687179 1672664605
433059873 102988049
615205828 2058954121
1778074538 83707984
1863812161 1251355657
1894514785 1916379878
369957426 567512766
909300717 1107326454
1123518567 887287204
152847498 826768516
517457074 106939988
1739756015 1696957007
2089490200 195453729
261712009 851291288
547226207 582177703
1705884595 328896871
1895700715 1981741417
974530113 980884392
69833522 551037176
1165932992 383070954
47517669 1383819864
1913029846 889815209
167458838 449529992
1277112696 1087474544
334029907 393446156
518393691 1841505855
301608758 538526434
1076988786 2067432326
1958349386 1313248609
1643756580 253829246
1387205052 1197327531
1672837132 969857190
517771000 832913890
573459356 397545056
224788556 2131012231
597525619 1624711301
979545161 336422131
605883025 161346887
1856030748 1599878355
2108808961 2068644438
682097439 1841048492
743949587 2083477178
910915875 572702934
352191662 386339283
820332102 235539145
476624574 931641077
515211908 791376040
512473052 1073714004
1725160494 1878350386
1595704511 944422619
1229932641 1441383233
1947794912 687360990
348371116 980002140
1032924890 913523824
110823882 279300806
748662825 226870560
669412002 1249685707
140690981 763118367
213822320 699696466
971590809 1572793917
61075075 345795116
2139085906 1633139952
593087715 1321425269
1553620278 1959876705
442348473 2111325764
2109883444 527034718
1561064044 1401590216
995672109 1836501448
1068558539 1636448248
2005108759 2102391607
1549523789 910555218
312134554 863124929
1890383104 573212312
1795755210 1352204604
522639532 1650472766
794498094 475067533
76148812 1154502777
2080313319 1802908917
644695626 1441537832
1344387067 1707558378
1437984982 833125284
432629136 2011810242
1965743657 734190595
1365217751 191584804
1499456509 925489902
644949218 220750901
1311540517 52885757
1289316411 1637803511
1430921447 950298823
1974880623 1623785113
311382729 725557770
2139362211 88316747
941978556 382655142
584145008 639511635
1577399019 1936191107
659690118 1245124910
2101227412 1799702021
2108022216 1260283600
344176106 1232903384
1394352171 264939753
1535381933 641699178
1000645579 156896910
905806596 1543403288
379885389 1117433324
264850392 1277221105
1754421760 631937732
1616047010 1408539384
1676413461 124857397
495590387 1152297105
1446051243 559614508
710808002 2102603702
98561353 411174728
810768034 771429714
794607223 317285514
1910279915 1983159537
1194008755 715478208
1617947717 1016567314
1409341305 719480144
54686725 920491740
2144269806 1620125110
1819549135 147212011
995178665 47595058
1365179819 1801026075
861933385 749184824
1737202680 276023824
2125261795 957462316
179488014 1667888549
1588010910 1486222749
772599454 472121650
1392893616 687705186
643768165 414818080
788935569 546015052
1076071605 625775461
1575673848 302299229
1729512179 134701694
1720030308 1752471605
1272014289 2028505978
544449338 1347695426
132203899 883789875
1452839495 1658408470
984326075 1287346151
1501809684 1899245329
1540055797 246902082
97382888 1823643019
331659602 1569995972
1482866849 577661782
995407708 1384206274
919738226 214859496
453073276 1284200053
1973021117 357804061
1270920092 1496339357
1481633182 1332118549
1736002909 591636658
1288063421 1655580512
1846754987 70455294
829916418 1480883473
498950061 437967494
2077517339 1299881806
897300000 1417459380
1290930766 1205254913
646098521 1380424546
1300523215 203177203
805115339 8950164
279042826 389153397
1915975181 784166278
277580302 943643316
957654430 330870119
2055554392 595631510
1133237055 1217553174
282718142 176811058
1409985430 746567540
143077365 638643033
1667072562 810093258
269407125 481928695
1030021999 1637172041
714058726 533381511
1046388446 677473598
907026639 447072542
1557795267 575506179
1891911892 410308917
1720291362 1927539873
1364581573 253236014
1544631098 478713070
1832539150 1034560250
275028776 1673100412
1023829888 1812474923
1869947852 1493229353
1937858366 1532970755
848566960 39806279
425996993 1638513191
20982253 847523751
461408063 1255509171
321865524 547191354
82555075 1572474481
228709563 2106169136
2073380858 719547582
94940537 2028307791
85255638 370945337
519915317 183713641
105773176 1081186248
1760792963 1793787814
1322673481 1390922554
1569965070 146380679
271360801 720557379
1653199826 1380094897
1186050696 1470559500
1010836218 305672915
381184509 1924625075
624323762 1286942458
404368692 1739933349
1586347336 237255409
730198647 25558388
1727101171 1073333770
2000408145 703944148
2003199230 454221627
1668324591 2071604694
1984905705 854161519
1299211437 1692144896
232898963 1985761171
1617666307 1744901496
974650729 1683994429
2097026634 1544076015
225023074 1378383636
244102351 470658355
934447487 919952592
711003498 1364715766
1236778978 2133868861
1050063933 2078144623
403910885 862978169
334436028 2078894940
901618397 574308077
855785147 558785744
1482981670 752042304
777720608 770487496
1564783014 2080120670
1223375136 1759462438
1257474374 180589495
985233691 599389972
1723726267 106162381
1112971439 668311509
1128409903 565505705
757153064 861249038
1630938173 216391025
696603303 50708767
1878353724 1779017924
1481428368 1398133168
441177658 317578259
1759348562 1081867903
668945991 338217967
898378692 948800563
93154387 168237004
130203646 1332750777
46842029 1045143388
1294966601 1430646824
1904384309 2121204725
890806475 652991515
1675922088 1935933546
827018964 1697299761
1193564564 1708146534
594880521 1306716149
1620539662 605548695
2022487980 1041137028
1584315144 1313171494
934886055 826378375
1639564933 601796600
1805154274 312385631
1726401949 1684108414
986002226 603795009
1755592130 140822355
1959102777 850155450
1421097235 1588716427
68106711 142129700
60707926 1679980182
263379957 1045887308
663140832 833187145
2115319141 702935279
577026702 1147230009
51630662 778959250
173142846 850781427
171471037 1740481136
2138148232 909677922
2013469973 1464842653
342526785 1373141841
1591501535 847042256
1457475360 1635584143
1589897838 1193368445
273943645 986861467
2113385994 1307615803
298879778 1083073989
308178513 575136804
1973195074 1907561115
2047131744 78766099
1307712821 1072309639
1381739149 660240528
1718585 1813205608
966970684 256902989
1867529139 1393604241
2088738268 745075036
508892767 1608426447
1680852615 229249499
2090007667 119333238
368845290 783590244
1544983788 1055193513
1317749039 1228926477
409246962 1569190186
1971052640 336271422
398981858 1476407336
1244141472 1266206714
237449065 1532214227
781819329 28665190
1732510157 717917822
567439026 667574123
2120317302 1478368098
829256396 1424868748
143378542 233088592
286503460 752597799
605315646 1814982877
910026483 148109008
436565847 396864305
1558052377 1482735415
1918192368 1786230249
1034620212 1651922429
686813325 1732273502
546950650 2003451803
1369565390 990907262
1555781184 1181174371
253473616 777234691
1670992111 1356456171
1720757758 719433311
613364557 807299644
896603899 922857062
328979494 1979950081
1535448280 410650216
2115739608 1222514726
1201364630 1305202833
694087316 570716057
394349508 1114563731
697646314 198050810
80886778 1660936713
106929295 921596125
1864332173 1242802270
2044421881 1352696225
860201967 1759189940
554547765 2059224066
205258375 229321197
918771543 1432783749
1385901271 46012697
1235026335 580805889
1658164090 682056334
868573511 469506357
1668650718 1146431956
1023671253 910848533
1351253054 2136831412
870511553 1202039595
2029067907 792631952
503998589 1568300040
1028781555 317706796
1340752888 844026489
487880645 2090383282
717436269 1077283833
1978178825 251390638
2057172568 1594881348
412633676 1376288005
909496369 244185763
116874437 1700711037
1508609301 1017609511
2004585425 1635247650
1343783839 2130384018
2036950221 1365012636
1985547520 1431695102
1348777907 1183024535
72905217 2039671608
1252303329 1305425759
2122309903 594158768
2106646698 993784443
848165197 479141367
116017193 234048267
2133294922 1979913137
2048267389 774810039
1067145513 280196417
1878700894 509236201
873863617 1242834909
385149086 780729747
684976344 415096234
1885065688 1087884904
472774025 874580893
223544275 1660753277
1159731322 656891557
1042748682 1216299992
2010538854 1961488499
471333633 457338999
1784679695 78929569
1207536216 373235421
1340718162 1206692408
2051724410 2050268987
1187238991 1750399482
1655157460 789304407
1875750629 2005648870
680883643 1818829716
1818516685 1155280735
822660691 701013889
958514251 741610140
1474180410 1858156097
1031315431 1103474038
977933880 1758391757
1442370669 37354472
1128426547 1398938079
1036888772 516731494
159795599 123386969
1330073643 1040227468
1390436278 357473674
145477692 580614009
1207179158 9751442
1782095297 412938089
721231970 2138766312
1348016122 112317027
154486604 1406485289
148624205 1903369061
403531974 1735073930
408529792 1891442030
654994685 1530977925
494496273 480673464
237146421 1175458556
2137732562 1894519289
1469755224 1896975471
1819141974 200252561
594474679 567476884
1242004109 1522750079
822011123 598793893
778643110 1397604030
2036888599 545361625
949866566 1296455449
13942964 1380021452
263678425 72779552
1384525214 2005991747
1729956453 1189976207
597008838 448898141
883941482 652165981
112618028 741287478
838103589 1315324224
661779650 1661593149
712769737 396163576
857186793 2017584208
1418125875 276429271
1668066719 1201441630
1945818295 1993034495
1487107549 648206192
1401892257 724357242
1560072162 119688128
1504980511 734616258
1145054011 1411410654
1321802110 1284978159
1957218202 1410536788
1959299915 2052265413
439428307 1483114813
275293716 772798284
1181709174 1955018574
1057319962 1680201786
2096906056 1005515757
345952275 1973200300
1181653496 1009485909
121539816 342879262
462739215 468388573
1219700718 876971667
1778556811 1101688093
1379439884 1448386542
12677376 1589157150
467777379 2088916810
2144260833 1156174272
1668739924 883265476
375472848 2114948105
1265201450 1434881722
2005181203 385535971
619606450 113571239
577400847 1819010625
2044918383 1298004486
614976493 991658834
71124840 953084384
1394278148 794130383
291277372 884618843
1383559691 871333505
534796921 1672393360
1112788552 2042106183
202111741 713194999
1720385080 325451672
792216352 1034781307
381616664 1606324624
1445101906 1851366522
1935170219 1928897204
766036918 1348451305
618017061 863603085
1781827335 31960471
512561930 870637095
1071449393 268240955
1199568056 1080231042
563839156 782195575
1746844328 305119271
963682559 969479315
291103439 1919862588
607751407 1177682710
1045672317 1882474673
1755948418 311901225
1504784252 1923666505
2141496292 112966575
302255924 548562092
1216489513 1167375422
1494925551 408098082
1802549404 435022291
896024799 865908495
1333464029 1794740584
390595311 137442990
2025366745 933584707
575594618 123059302
1752398638 255799240
1973173908 1801627437
1691394782 1860242515
1031065735 885225907
1076260502 110148791
455498433 1970264036
1930445523 1007007067
814966185 945781312
485970729 454859979
829732762 673239381
1707210963 68130200
565647574 915420643
2076154596 1646337581
1615998516 581531569
861374803 1351617262
939049594 1216174495
749204555 198590106
1184333524 1923490165
67613825 190793023
366707512 1360134897
2122570941 54073356
51461423 982336371
1623710267 1920038781
1623755040 1092760425
228771204 2145137561
961897498 568715985
354354270 1205852334
660062759 153762579
1921753758 569966877
761359826 1458117950
1467026756 1035034025
1058936885 920373320
1355243506 198840584
1366045260 1129411821
375014743 1818148749
8281656 496577383
1750838984 74386979
1529872894 141205525
752023927 18801697
1324878494 1338616853
2122396562 738656580
1415640864 1020782039
704676135 157524154
119487740 1756327354
333236235 1318288668
64050269 876865124
603563936 253718234
1533807571 133634573
310147209 1781081342
701330394 69652037
1869677222 1361570472
1684347250 631237477
694795996 1966268631
1567716033 1418340542
1126501588 790152875
896357564 12374758
483794443 341489552
760115959 2105173867
2036190557 2069041564
2102776554 1683364815
227164399 1216749679
1873613274 46009559
1265580157 429331491
1927658811 1043208511
1223337835 373995978
630556467 1412317356
2078226571 2102717461
2079943989 1607468123
879817257 1214631929
1663728804 899314365
2052924888 1569272457
2036319914 12607569
2129396006 842091098
943695587 1008921142
1524997614 998298816
417571553 1496592103
148532875 647518833
1016032311 1904589305
1812573680 507929938
1870307065 465239399
1532700316 1334532450
1027865247 1148934891
972749861 1470939686
213909216 1477762145
284568234 92198896
292226969 946792232
163567294 2008339065
296442098 680730094
140280046 875084727
1897172363 211520527
2086197932 1170100979
763138555 976957562
1297354001 2125070829
1227226816 442620410
1568150724 415007107
1989902284 1080602781
1524852457 1546539668
125401501 42293367
941569600 1433653807
153272457 1242393122
1217292046 930065940
2098195800 2067349205
547843213 1595882112
1338486202 292043168
1046394689 1133103620
1011952740 1783835577
1966700587 2022827255
268471085 2107964309
330383248 1474997585
1506021641 1935592897
1463456745 286217411
1187304124 1238345230
602364144 955283085
696256250 1700927651
340401247 736365670
227322721 2105415073
239563834 827394508
1965003560 259428762
1811309354 908624845
2095616453 23886667
146431124 1982067965
51641606 1711297371
357078654 929430039
1351628060 1436543092
730786454 1124632302
868955185 886737329
1640994695 53556155
65360444 1786330664
1148838691 56603953
506409460 730216279
746101159 1620905398
565164480 1305272060
399244679 1764888927
1366406725 129635080
7706057 1995082969
666681179 745846884
1488389054 211595609
1465310322 499416907
128118058 1849580222
1501586512 1601755784
2084171287 352222876
1061054392 522414097
436961656 1697893213
1767963299 289896968
1575426401 613098476
1865637744 404395689
364833561 2105436136
691847542 1844126581
1405173536 342056007
873953493 1531235761
1895695018 41773138
878780634 2091483512
1421075219 499394988
1845567446 791528173
198267654 1974875106
1537324281 249667749
1433433710 33685015
1248811924 364238286
1424324537 697685517
622280250 1139038853
418800860 520659022
1482142801 730530121
1711234854 1737987051
1623190554 776785119
1478873237 1130002629
446763881 272270659
1157718055 177060949
1565508565 2071637766
532808911 303096384
2060042834 2106948700
1408554104 1842659427
1856585047 388025624
687494019 32526970
1249956473 298822913
1333406757 1980660171
1575508454 327666254
1097218868 560686679
515437687 170278868
12173411 1111320159
587572212 393893029
1196358178 1937675968
302510785 2053889890
1204971046 441349141
1177578912 1326606971
359483232 830227248
963181213 1707151541
454915805 522049280
728151315 1267680982
1677330599 1829644504
877543224 1357386062
2098761819 509045185
1470989958 612236161
1096479842 1729261264
979529587 481115654
344130807 1045575576
633011878 817957302
396646308 2130074747
645258268 1468577724
63292926 1280127734
759802017 1351389136
1054734657 941722584
1595357861 2104496215
1846237032 1570356577
714581321 804556561
1239708023 1655483683
886399367 1838873576
620101930 177321998
314998619 1787832163
634599678 1668501831
1312997144 1025187113
1042636 193970155
343714076 104651085
71464902 730986291
667249241 135449004
298388853 1318650616
647136626 1168587856
1568084774 951441227
881480634 934193775
1702818632 1606093319
1905668102 1423461102
992678956 1004085230
154759949 1639708187
447766326 549117198
825941994 45609737
272798950 456876552
54366305 1378470549
1053938160 371068484
1093534664 1833175184
872046822 2135632229
2062530226 1298335471
264478508 1936250240
1946618313 1952050306
2048108193 132857860
539021988 795590118
1256529270 480526677
133256292 532354220
1960539470 481233618
1945276369 297364879
968891855 319377661
1944395431 2041455965
1195352418 1538776626
578571641 1122131210
247616671 415609629
2017565258 100171185
452505076 1377581738
1013218305 416945643
1762215072 166393569
1601739327 395129419
1725353744 1489915542
548689967 485789852
537495151 1188004299
1364783575 1899691188
644711418 294125401
1609803211 712841354
1963582371 434523053
1547705948 389511114
1971935572 871654409
206034453 2130364815
1077412607 438064623
491574345 1693428471
520426406 1668184233
105711411 726799584
722708608 2049861872
396067224 1425904140
1650011715 820371943
1290560294 575609873
862026558 1120754697
1155677644 541943663
1632059240 1664252566
211023549 2067346410
1177286846 1460964667
1893180911 1009956924
1573857225 1604407857
1262300476 1668903486
493151419 1086122795
1256505360 1715163234
1878884569 707425623
1813405695 1004776886
821597641 666896611
271702077 986441051
946574617 341067890
520730943 1078480288
929097476 23411474
987681795 518863132
2066820902 2087953458
1510909689 1898850114
2012500895 496831640
1235102015 1610208391
782634203 346122443
395711946 253672393
2121305310 68327309
254837676 1840134594
974428414 918379760
508062076 604469939
604330860 508113680
1538597357 744714893
1355185572 1403832870
392348522 569986685
1426812964 266786271
1643083546 1728140029
812940849 45072144
805886929 276528613
362254074 1701812018
288082473 475972187
1373983373 1873383071
646893820 1685328718
1782211626 1527030924
528889826 1081032776
616490649 827991843
1897224615 1176099136
816913649 603701764
1004743472 2082243901
1059617543 1170730983
2057644277 1323109588
1898195898 1659260568
2108881501 1616779416
1901277219 1855974109
209552373 1003429993
73551931 75534018
1384207292 1822833919
681608693 1168635518
1119530153 1104649982
1839050104 540326112
182966657 892859537
2071505342 1373398884
785397830 369863027
1746834348 1626618806
795948699 71799165
834146930 1926371104
734204894 1817646084
340617796 2002238932
1719378117 426469690
1048058387 340165848
1056437615 485683846
152201909 365955967
404460986 2007486482
990048947 327885394
1049355273 401375384
1378364147 193697830
1260118440 1991636539
326894366 1886948820
850440336 1535086362
1847056367 1230540367
1600242784 16379437
195275660 377821331
643005004 1382338377
847390524 243916583
2128473611 1592025139
473388351 943176774
1958586769 1432741354
1338485367 147047299
1032360844 686716694
1368320995 2091444629
2116070889 769957342
326753456 111377053
629649613 1130156922
1869116922 1277697121
857319738 2134869598
1505048843 992596469
146026288 1116506882
1837497542 1654095910
2006344534 1421676150
844357744 742013118
548664032 1982954312
101605606 1546480468
435920677 1479617461
1452098422 1603328005
1414014046 1082975122
1280033420 97695141
30514294 2115546046
1752631272 233320675
1588086252 1218058057
2038872448 925698234
2080162004 1687210285
249028068 10354760
2116594520 1618413856
537485085 1295132410
1195604313 1940115293
517203612 1690946380
1774787475 2114253804
305235495 132532856
1902015429 139707563
1879229608 725121993
1170025227 527761650
106234610 2131586436
926179613 1424873445
1339282235 459817479
1540419438 1606037064
1914129881 855459644
1475877907 2076911008
1643860099 1444690620
979565238 1424448989
943317164 1445738373
1607293194 460926524
579915945 1453657084
1366497529 452936039
1533848885 144528462
1004511607 1506503746
1457629782 203584805
2037784745 356953483
979006859 1240278012
148575899 1910806186
1739136679 2102765756
270244636 1791232421
73683847 446114930
1453835857 1595257561
550313033 209112905
2046561649 915896355
316060744 987111416
1305865377 488002100
396518899 601245157
651378852 1610967989
2000216805 505455502
934831497 1280823475
722608627 575764595
863170204 2146889418
1049583143 1380742999
913207943 542836437
220272892 1809673380
2012172063 1551416961
3389885 1398386247
1139222373 1796536433
2093710006 925524189
317031100 1875818678
434769493 1142913630
1431501757 728942300
990732558 254207205
1801387115 114433597
688786399 496220703
1496150663 36955875
918170318 1485615115
2018530931 1205791894
1650185658 1531230633
2066536648 1941723097
1028420005 1991841972
1706632979 1065986928
1588888721 399335721
493583402 521372919
2074392700 831313856
2068583502 471715134
1070156831 392124173
950314992 305090225
1108187805 1714883496
186768204 89094507
1539596361 1418686103
965576624 290858730
2059882836 1941155391
866951365 357909410
175046660 139189995
2104101877 1511400829
1027031590 367477128
1993862191 273521468
1507016349 425320072
1001644925 681530192
521945642 841909639
2017190746 839648341
600532833 1206198580
2129666978 1835017716
1202954697 882181227
1648539621 1316772154
171396553 687661828
886295644 469367709
1024313116 896205289
1401626260 1814920151
1384427877 1415229556
94013494 943602959
1684313113 530281019
121055437 1337479556
911715950 1674767915
914150305 700133650
1026165497 1201266311
322339022 2120145634
1598185020 1069217382
2117658111 1717758171
1233389846 1413578024
2070980878 679396726
560665970 936587409
2102198401 1185083195
1247565163 481517059
1944848880 1094443508
226535173 1784858468
2035630127 2006674835
1273564132 1951062350
822856875 1835357665
2108295092 111990230
635435744 664052831
332372877 1153290079
585977892 1246822228
170425702 2126560613
1749072063 1489023523
1898002705 376813643
1009370397 2132354810
1514934726 2007832800
941821050 2012616043
84425313 976305020
1597028571 690987005
2008572591 2065196798
1784089744 776258871
2029647994 1497289185
1663586210 2084109350
1803831177 1023506488
963947140 672899366
442949012 835135311
1465724182 253575797
641412137 1847992734
1993362266 134050181
1694711462 368058640
939931673 426399809
541920779 1261907391
584385726 158023806
1328179151 105225282
1761963939 530762267
1675914290 945481647
695957978 1022116293
1769794684 138789578
143259391 1510224645
431416250 1573957733
908121478 689782430
631401517 1901215442
1248596392 856946237
2096845507 821797713
1475788879 679476839
147566503 508754738
1954087283 1624454553
877551810 827841305
95583074 351930279
146956762 1430849839
296104884 1183523555
915175289 358062264
1073202409 1075154488
597736910 544993199
235745704 692033179
70718413 1025454424
1005910500 212437554
1346504316 338754709
515366926 1088069881
970376931 1213671072
1134263999 1762426352
362696774 1517761487
1286090432 312637925
898983569 977690206
1669387538 983307354
522503111 1545718940
649153994 1227121372
1114250398 334312611
1149037346 1411922023
1697720398 199467394
2118995144 1321386273
82583360 77500789
704095558 124072745
1099148336 1931066059
731751658 814552307
2058753284 976318274
1209923724 1330770839
665375825 2108320305
1024140846 1479411325
653768017 242871737
1352723667 548387754
1964784127 1341840412
270782570 1724250485
524805997 1271454656
699053350 1452552163
106620713 804385623
972961793 1994070073
1628366693 1244467949
427411883 152308648
178718366 1254223927
1537438856 784203993
1211612088 616700434
1124422162 328334900
307183134 624643040
276245750 1473779960
2675436 1141674991
2016379912 1068141247
2005231324 1311253114
1461990097 566054216
159671305 1568619755
1388548032 718284032
621981875 1165027857
1846463176 905421258
220416235 2361174
126370570 159596863
48843107 876332084
567346195 293148158
560106685 784984735
1292229994 1796675517
1007387047 1196797012
393025981 1130978305
2075448142 124486621
480044373 434437985
9715232 578160980
75147052 1858672815
276118528 276164852
11938929 1322573963
941600532 1573909957
673146581 531070781
630734471 805375412
774972505 380051011
474572480 1637039307
385406402 568629538
714719062 1327936491
1407237363 582977758
1200955530 293646130
260794557 1200271030
159995972 1321576717
402775360 680488525
577020176 2099209410
2089431827 1921546415
1428120645 853317241
2146441643 1740190851
1814391595 1929716216
211749765 80790264
497897276 2144014239
1563229020 31930898
875201742 1590602459
1400179491 988467198
690901411 1508445612
535935348 1597601670
918978318 1692448800
566201402 1623125626
646923557 1103715498
134517738 529005535
1686825922 2045617155
1551647007 540116298
1637321128 1502346178
600745638 1377082695
1411313319 2097444754
986071318 491698872
769337727 806983668
260139102 702765095
2028665669 1522212733
186035464 430368891
2109337063 1727420030
967973165 1797222414
1536358130 1826258335
227719382 1112379435
463794320 2134080944
1772981277 1578184881
13236767 727497073
1279527328 1358615039
114560638 1850935483
1275295154 449566458
1998856218 700241183
1689765905 2097024460
1571817407 1678523668
1338817702 1605460365
175464248 934909626
532568805 1801198588
172064939 486625259
1382440911 711746303
1058814284 1262407407
1442172146 671976025
2086817780 1361698487
443505656 368198601
83821655 740006299
41283153 1748558478
208734490 2116513497
1359777879 1835991309
265840979 633848696
1223348293 1310885807
806324073 15647195
1266882341 1538989748
191145182 672325037
2089021609 1028987563
976037660 1109382110
1784855834 1331610218
2020420742 1823794721
1199984430 302868626
1119386033 1850260517
1564308911 80537377
1845060603 674324097
269691941 888848708
1521957217 1040200455
857226702 1201012798
2088876438 620237846
683632310 1431541439
770722720 208008803
2062879983 1306879888
1847877113 2066943023
362135277 1316423613
438944941 1043108393
741295942 1983650941
1408260947 813720575
1224462642 1629972195
207834893 881966059
1272636629 1667815861
266699483 124983948
619839492 818589485
199170447 433925635
1678180703 1616317894
132855623 1052682117
1668946528 260414393
1700382629 1241378612
1765954974 1350777611
33762831 1487570367
516217809 1098480718
238781983 1244010501
1709335685 1693156357
1916111876 1417871221
427529520 1757879001
8359778 1055913360
916351791 1616922662
1519318700 180667187
1608828070 54693210
606773113 838537747
1783354235 1283806781
405366466 701524172
1176065778 1751160716
698043858 1027608822
319957845 1128168356
232448827 1924391850
494681496 766356718
1202705735 251831356
1759202581 1393943456
362926971 2086936772
860044117 67040442
49046462 1998803400
1837650033 2093628984
274293477 984258844
1550561477 230452496
572687594 207142956
138686504 313768644
884315733 1871535880
2107687291 566401484
1157542572 1151724207
763649431 822542561
1293712345 126812648
151456540 1044937658
761946085 89788582
582863534 562642076
1514501971 69966987
110958706 1532136393
867166146 566507470
1637387280 1972807119
1712562302 1357598681
311288973 34958699
563605119 1716696534
2108351763 1706905925
1587905241 1550821226
1144104218 558949473
391016688 65470275
517515396 1367199788
572490222 1781010591
1116422594 949397810
1149913519 1080659530
1391174480 2138387000
1815020471 1129900298
43850462 1775101899
407823913 1346251329
1676188214 2042743939
1004831352 1433543817
389133056 228033126
1071567077 1533334271
1029999397 407217939
334186912 899312478
1009693079 1478185080
495800159 1180341458
676721953 1373880561
592469559 2146057024
1901690621 2002441518
715148846 1615563908
40682463 1164245910
850355895 1814763267
427856480 284732933
1208609204 448068043
47074655 1384694716
909744489 170123161
2139543630 37638503
1843604042 77012951
1559074978 197964764
1925178199 1802377541
333881244 1561290700
167298297 1272271882
726383756 98679116
2034737544 220879390
1304307180 1960210982
2125189331 1067341655
1109069213 1368853328
2115690578 2142144992
377317420 2143305782
54668349 193741403
1835424374 1947465175
1522348310 2142298647
987875812 970451699
1032697327 1613170418
581139835 1592207058
461580289 1134654235
1068984259 1471644597
570250211 1144782674
2123263363 755252050
951579742 1089314078
890004585 1142762343
1083458740 2016102111
1177200267 1748568982
438047658 476068434
693046090 76871067
74333302 1939016788
1631807807 204619053
280156412 889014810
1304662260 468175509
1650567950 1329577558
2049267351 342027976
693637671 178151360
1427100581 1019775972
34611524 985787878
1895299178 1024008712
668348695 1293433953
1597043055 1558276032
104521532 1780120850
51765078 950382939
284788911 1389181255
1853661661 1991482530
946269398 895231322
1833366151 2045199328
1289532701 1846025651
771140183 1817750803
489246036 614678840
43242689 1528218688
930401337 433530351
1426837152 1862916753
2049611262 1124349585
31298907 124606904
2054720081 1945651384
2143357607 488139166
1520606071 775107102
1770835997 1734822608
464737806 497296003
450281303 403154647
145487493 181156223
1371904565 38629849
68106116 685635483
50707761 1439915976
1841814915 728358694
1553988547 249390
189394615 1300886455
584529451 520747378
1596281579 700595303
191296282 2010881804
333592015 1014716484
1748677435 1572378388
1707940850 1762631227
2095440148 669864377
1478240283 362069288
546124238 1224681762
364960788 683498886
682668084 1383457245
1744845514 565702636
1729354013 1777370751
1209217993 1344340224
1689056790 2133591305
391139837 1565140829
439796992 290771552
29331570 2027953447
1201941827 446275289
1805102707 746012262
859715380 1752106106
966414644 1565372925
1112099447 756859333
1505225888 1365060479
974137956 1593640908
2068785411 1628550881
168674100 993194669
227184660 2074931671
66656254 389394761
1452680891 1697629687
466152294 454135304
601261002 52190808
1483101479 304175037
643866824 487516488
299613735 782588422
1906375577 2088367632
2145793046 416606798
1650840051 989875750
180017917 781182500
1904156043 795099827
1349307107 436009933
377235029 1295735243
817406459 974695978
697466554 330331915
1354627752 385789990
1754486017 1637904153
548530762 1513421511
9220363 1271053835
347818357 1431874495
332638965 1252569450
763151614 377839665
1516836614 119855244
694597961 211538106
386825435 2018656888
942086576 516158023
252153501 358655739
958655776 1805498802
1705307438 1903825141
785357604 128191493
1070755966 1031171596
282558702 1308140350
877760997 633678462
1463905336 1683454981
136838473 1274185371
2036713421 122909814
153133567 1629798580
1030451463 1091330982
1489609233 1863971212
498022305 484532446
1517107776 621301389
957050401 1230218064
493573577 1638360500
1909263925 2066911078
1298134001 1921890165
1451784934 266604315
440188524 1534876541
167358953 1839689111
1745829148 889306337
1081421475 1655573444
1296625764 1876759513
1872649439 1460803328
98790841 1811896643
372805556 1496362884
1533181393 320306719
523391798 1790858096
552930874 1704425678
947458749 2085902521
347951938 1682317949
430251185 75604874
654226846 948156601
474328082 1295802007
572776510 2049977375
1633097716 558898512
484820505 1900499138
825270817 639974205
1877228993 642587460
1905427274 85484392
1240050054 1101000345
192463443 462357539
622714119 1810705445
1268386202 1978102695
1844216892 1429793784
1121826693 1746300178
1782292238 480296547
1883735710 161167225
1742153896 1517348541
1588486874 1854158029
182191814 1386261840
1933620923 654838120
496822810 879090327
684548134 292309897
1130591159 1123477297
910300657 968065796
749640971 259879996
2076726295 1215304789
487125374 1166684720
908498454 1426960192
524786208 257450507
366459627 2053041855
103851393 308040949
1673640787 267877351
1139898703 708571534
575886434 484471945
214499209 1995824912
1610645997 52955438
1095901144 706407768
1990770536 1264022062
1085178292 1303576238
12939673 1510243751
581235764 348739812
2073858992 2042639866
1688487734 704803328
1564433880 1125510114
1797930939 309927441
582894836 1136419509
2040594685 783839971
961028205 224863648
776532348 1010800670
921050017 1530681730
1025508143 1215430148
11608579 775438068
1831859023 531013218
1729036169 174235486
162181179 975183054
622327410 219657394
1211418980 955300535
26339653 395772954
308916689 341738822
1494817224 1252784155
2129381162 4446485
694212479 2035396382
350480402 1094421625
2123956340 728544175
1861025946 363668153
163755867 1094082885
1318304862 1557094811
1161029535 595976781
1386978103 704260439
5988936 689518959
1871799590 2068108683
847764227 1749422651
1966848991 881335440
615213466 1291977170
1906446404 2104864190
1188698788 5524979
420161875 408289081
734401789 1064800432
1502348414 1108045774
2004556319 1249844572
854599297 1989239841
879753543 12572953
592887606 1318625809
337871962 2118612806
667302666 92520992
1196302828 1462302719
1519726982 1174555606
2028372703 1257892779
1704606843 1789699831
1895359321 1628390685
1679172096 1850308141
1762812245 231911834
901007703 1931370850
1329269324 494733139
757148727 1245198029
1558046214 1034261976
1814610827 160018040
1748898342 1879614228
1125757505 1821797685
1275456465 540707985
415042901 2146381944
599151651 506785662
390977574 1064467425
2007610045 65850406
638964651 389150466
1660654357 642683977
1920301687 449489205
2126206293 1266128914
1021280371 2071697721
1969888573 1049700542
161860612 218211917
1677008782 2047640619
1911215846 1577982927
1891815543 1716393774
100953719 2124763494
217074103 639638154
1937216515 1600938815
798395438 1718501570
1154300010 790969154
2100484719 760272721
362999200 776471808
2073996920 1038552877
1859159983 1127670099
1014770431 1495348320
2078992990 738411756
2076246240 2087784617
1008775577 191177144
107729574 574686865
282235797 1663392116
1893147603 1334753753
1014049669 1094033769
702564291 1333700022
1132947631 1768992196
1860819915 630037455
995960144 2022065138
1614595490 1827036601
903036938 25351875
1074883617 1842162982
936512355 46449146
1055501622 173799098
1600836734 1385134376
1587858722 2065598198
362259385 824885448
377344450 1551161381
508961559 1946185949
689556112 522322517
1547815172 1572202327
1660179693 1853925284
385074780 888846180
1583599049 918171367
1784379272 1282549671
453294149 149109478
1390266334 1445911441
1584196178 225157364
1082908140 156380177
513200655 222504762
1069082233 961647855
69415582 1844578800
584066353 696282886
255444434 4630909
434791885 200309051
1807844101 1146822027
1837167751 412612951
758514491 1476415443
890121645 1657539711
903402513 153669755
776651701 384226867
779532241 1346321465
1948127787 1133311501
1648033947 1081041093
262468223 1229461750
372013023 1637549405
1097981144 1569249979
442108537 1075055678
224762739 70302983
163619300 571130133
1170506940 1775073504
1759934060 2123079931
1919476289 976747167
1138643989 559028372
962744706 1726520257
1708477244 1313952871
373195871 2037005543
1650754657 1460820964
892284606 515720352
749066041 706675368
1003812373 1296439780
443022179 623663153
547958304 1418294817
1125336992 730445047
650345415 1926347291
1811110322 668168761
897969276 117367938
1802034263 405874412
827984600 470430071
243139640 637873863
1934032886 188710187
978234010 1751289750
44204638 813758095
2065492651 1293616468
661831602 1778523009
1585927001 1130411320
108079243 672841097
1864155386 169916059
1220646419 778036096
493084342 1386371280
129142221 1642649066
1534824877 774366705
228139975 354857373
1090249930 990683611
1500097306 1122735185
677406162 1652799443
1354551987 1116943356
481103662 1248295894
633316279 247448101
1217746621 263238757
1148303237 137299848
96968670 466428166
1959832264 735445838
796683362 653877541
296726089 1755621652
618349489 1613085778
926493790 1801516912
177204133 820057534
1857528589 431158563
1513218884 1190971496
20951967 1247853226
2099874908 354257543
851323958 2101060739
1665705792 1092735400
920423852 937155786
1238971223 703921951
1387903649 1530233887
529255029 1072437165
312006529 373597133
1886150576 1487023184
1526617465 455213889
1872603546 576959815
1474950837 1859295569
1094980138 272352128
1543808223 1962167401
887380907 1016362736
2084459181 1581713741
1604721556 1417890020
308069019 517841883
132929416 35883213
761701832 1246755241
772670657 1040514783
442118790 1341554157
397084910 791337262
1574391141 1349344813
1645892100 1044454813
771667693 404697704
765172018 1651616672
1114028290 2005462884
1711035484 1431034098
419862611 1487955156
2147122682 345277714
375712186 279948127
992787922 1408931493
1986151511 1872481760
762636409 1127818377
1447720767 62941070
853210459 1686513112
1159873394 716855229
1283069139 914754948
1659719646 1724828941
1242999439 1276816821
370653257 444097591
1866714099 853050807
1275262870 1764057119
1456259030 779620405
474392351 553139727
1652945593 943578866
1208123959 1514771463
481496528 2010077417
793764200 840857253
626494236 1579531263
376303211 1294193185
188726862 1699941905
99023015 398060738
2127470327 1253694289
791063339 987851859
330279996 1870187801
1918148924 2065273132
304456904 166010091
1701138374 1211615704
1582859307 1332005386
88953713 1571596426
396436079 523765524
1406906759 360632873
2086945043 606970001
434931250 929522250
2002668009 1592692979
1330027832 968226709
620490801 1584860478
408302575 842692810
1131125860 2136873683
1307085776 1095019389
1580412069 1665922808
1907897587 1087219406
1956411352 962581640
1283473847 1822157948
2019196061 751094082
2091607333 96019921
1484627988 707896365
530099823 105643851
1625557405 1408153643
456348701 832106409
1188514270 74335351
1613935143 1944037631
542003144 2047563042
1968694281 2128230854
1564231438 508848248
542971892 1843308469
1070572741 1653160948
1498063421 1387282035
853639319 508547084
1925272473 190722907
1918344362 123049108
1441699723 1911208313
589255360 39001703
1567739203 1455530741
1515919778 701919912
317720838 1526573433
1289777824 472321185
595955150 1729524583
354476442 306885221
565923916 314305885
278183649 2034892427
360689224 390329937
1904935934 1742353796
1572033262 1110535608
671725393 1177537354
367147872 1308446138
933766873 361985481
9342235 1474201359
248637414 8189650
1993323683 185604102
1046246981 2141316005
676908031 781979951
1572398858 634151402
373846424 890421604
1847180693 1803535626
1542306219 1628636913
1413003443 851078047
1474697975 1026239627
1140095798 1607749568
1740978452 1915361642
1160152389 808366691
1677170810 890675271
339453148 1163393501
1472492004 1470317721
571563200 1519660688
568349369 1794656222
240582927 360172182
1913030435 1991274857
177358161 1608066174
151309891 18380692
444699989 343637321
829623563 553432563
2019387017 46679893
1006037531 574769300
1334030686 1347644707
1324464922 583016673
1613942899 24628448
672358236 1281356617
265921938 541258313
436542559 793977421
1166650961 2090924729
1377004417 1443668206
2029456447 1463626676
591739428 658774543
367797139 1915604024
1108579107 1770969978
320929977 1610271909
1538685822 1264716174
694533180 449318238
1445534815 1603315445
621137194 476691362
534811491 81457497
1357666542 2139763677
1287822019 1011482708
2084478867 93599676
1935584158 1991850555
1280658750 1480296921
1950501016 41803313
732704457 1400577290
892576901 186190736
1366700812 393954761
655458972 622574046
1855316941 385618348
849272947 1942507759
1554102267 1213555728
2100686655 489623422
1609453905 1554668127
387763723 1569114002
1679507463 953760852
956874473 1235662506
1831718975 306531701
1522733080 429411141
1012254261 593026367
591913093 18746947
1139101147 843263250
56264624 1755295512
746730888 902367367
411601548 764360356
742390249 522205369
472925873 212318513
628169964 1034977539
622976296 341221261
1379827747 2039400888
89039876 1122402521
1844577620 627161028
742131248 613010829
414863360 468554646
1876573358 303546862
1623588064 229652121
1717372866 226946977
1705543182 643443420
452539718 601340259
1595446399 1906669337
1186811551 2128906848
913624321 927499917
775886997 609420851
812053995 1122902015
932917280 1115915785
762618213 1038540034
1141900595 507725646
2009430573 1341278502
1171807689 370096639
2146786033 18401776
1160103384 1361383085
853543775 175814188
319464465 2018779651
530145755 2147083502
250052882 11953528
13290595 1483132692
36730877 1635835493
1008043050 441382413
681050167 785196036
322318259 1258967853
1249221279 2144989357
1861903081 2004695289
2020861930 885677852
25096558 451149416
891055494 1949279156
1566217127 1658145971
1704192210 1501158804
1369073431 2043410810
1877360859 1411819153
1974215489 1676280565
2017377473 702817802
1591369875 1918948683
1392149387 12247395
1020413244 636001120
280986966 2131329655
231397809 1914699676
10091146 1066860610
2098166356 1770650250
52977905 1209067150
1341419477 717323131
953823733 2026015920
2097539323 1409189940
251852509 1463075015
194850526 1946833823
2087712454 1731077313
447906045 96787406
1026715580 1247942801
977649415 383165074
956334708 1632119090
1349823208 1435519548
461409948 1109263759
353546719 2061140038
2119938631 373408788
907383840 985356277
1118821533 1665033311
666691999 1099982659
1670240794 729760514
1978274821 1095509553
1523093693 1704309135
630626011 755222662
1099568932 1818209577
1358257689 1285322124
485811413 834202127
299592397 305007520
1547747811 2017597735
528043366 929391088
1422422958 1703823018
874696702 912189072
1501906799 273996424
1024783955 1877084678
725082745 2124457514
1643482137 902063103
1069608845 1109618341
330248878 1997298584
1395148698 321616199
2037709340 576257766
1859158671 182942995
992719647 388555181
838653586 1972452800
1315644641 1434135408
1547851775 867434876
127882667 312750190
1840337269 2101866727
341512342 1343876502
1721627210 1224103113
193858792 668820418
452024645 1508731927
1528549076 385927506
2124934918 1833488048
1128117216 58021197
132929949 422524699
770659963 1037549870
1008123084 2103643083
2026181605 1191011098
1386044756 1011997721
1499095083 1331472082
1012913377 1598282806
932257470 211826304
410609778 897877017
1253581035 906523853
2121878175 1686116891
1293045143 918224161
1822694408 1683485198
170690801 585306531
1909623662 1036697969
901782819 1783719205
1471742054 700401737
852055432 1257192006
1074687428 174941053
1934131126 673869359
481870043 413027180
628979864 2144310679
1350063714 1456484256
208626996 1631885890
1700609868 916140583
1290193553 2038822969
1140661512 1142961883
511515415 910679216
662540964 406181446
623272253 258882756
2059009752 322172983
1225414106 1682974466
1166704812 1701565923
134594527 1481622324
829934998 1743305763
811224121 1965778078
2017610491 1361176796
1212736107 955456104
688456672 1462793212
249396268 1228823092
1862480979 873660145
996175381 164999509
937116455 1821935863
471192087 768247282
1553199720 1316933026
1963964755 2010663199
1531982895 1199852764
1855072382 458811454
1033937128 288844523
2091122419 1350133409
1924612978 456066683
1571630132 939989696
338770424 60638153
735367971 44072602
561100112 1419760612
808888407 618875141
1415970939 76917794
1957279366 2047092158
839799616 873025760
1249618028 1754855879
2087612583 1155679294
916857795 612502555
1433793340 1703464156
850662393 769430646
1284201072 457038201
1356764754 591494840
1163856632 1252334775
1657357148 1934744622
191201199 141324179
883015681 1451381637
1732549797 136499899
1233668506 506795633
311968557 1545777566
1247955172 1909573371
2057279202 575611360
57347667 1192533674
1769565413 1493819819
584868988 2118067630
860428997 1693617707
75273681 65376954
256888484 1157469091
1082620118 1108447662
2114865842 1322027397
1548364997 960426335
163670233 862645349
2026537871 1045726249
931356477 1648642744
300005956 184905098
2055982983 611948626
1894115051 734561161
94079029 899307014
638276211 1214432336
827461512 2002178897
41534212 1823487499
133315809 505340993
813358042 48326830
1375198739 617170288
1746197359 1533820864
827492811 273228525
567576505 1317054048
135959561 1410065220
149741319 764042955
1998997796 233327227
1921783704 1534329649
1264662248 1210469143
1532747777 1820934177
1825542274 1807986257
790134429 1716681214
1897958802 967394205
271492676 53765540
1722139304 1156135764
210688062 1171929455
1981207778 1192493031
1425178111 1679425213
2083396586 26782473
925556567 31598689
1605166348 586927349
1341237222 1965792355
38147595 2050341863
1196502359 973229584
578277205 412987492
1741481760 228531231
1029315357 1955040609
1722428514 596369624
776473238 339832069
2075071894 1553706913
598895178 267509595
375403157 136490834
93904813 69219018
2005195193 1934146793
854736380 1348291578
1036223877 1743355656
1869807216 79195787
1721672761 338942617
959434449 1568642361
1907562667 1809498258
622378206 1688037487
2065147352 1285516856
1300842250 1644175911
1872169290 1462257702
618861186 1149023646
936650681 1460264997
1232863057 1595924706
1807172743 200614495
1291072080 858523822
873679272 1811475603
1581829965 499693867
2116155542 186330853
1749516427 715091527
776493865 1678441586
274266236 1938247437
1092721990 1721982578
98336786 1318981856
1331437759 2125488367
694813773 1270244385
1866494072 1013619191
1872236375 144555513
1746358781 664798920
1393028718 660530199
766943832 763528920
828135130 1190147506
625613703 127737582
609570609 595270185
1556229273 955903275
1342054498 1573348083
889203445 1326138338
503600642 1831163822
782937267 1681941242
1194341300 1218934100
764580591 263496947
1911332936 1862971103
1712263526 1600394788
1732211682 1227578017
1993420642 902186936
528353247 644710143
188141984 1617784076
1006396704 959793088
928200356 359950470
942171484 2026433140
1679202257 73980090
122244525 1975103076
1569365143 516589384
925805947 1853529747
1501528714 1123232476
1112760301 2035213187
1874780831 841350368
1561357833 1760365311
1638416538 813499138
1831432332 1678405003
1000091473 172349444
182881642 128362846
642658237 712617671
1461728496 374539195
57910592 1864141399
493227653 109694535
390286551 1517709130
1131004719 2080280472
1418552636 883330192
250704258 943886847
223548792 1348936785
1235648541 675888048
1378162097 1220399784
11747737 146568960
2023203882 1219134942
731578176 1368406541
1290524957 2050126185
268117599 1299655081
831794987 1210635140
2007288186 1243840776
1671931379 2090295470
327165858 1133478075
1118439086 531800059
681356211 1648615398
1171032473 1012369979
2002632603 2120868824
734959190 1618583520
133168786 895048766
489826128 1822973240
1202914345 1451348568
970343557 687709847
573347181 639809211
486946978 1268096674
57680529 420676566
921526106 2020635001
437201378 1512370178
1502003659 2061766120
505226328 530241952
188554458 1599160046
1496396281 1754889051
751304750 609441259
2122572537 2108016583
78285395 1850832192
1482641801 1906057538
1507993266 514044730
240819768 1427104392
1598649828 775677766
1339751579 1364057141
838749458 406152544
779481698 1011237961
1098651586 1164319121
972808996 1053764154
1207791161 951814892
1330611483 1791507814
1839978570 854708551
755309190 180639157
705718913 849140727
465588410 1999146375
1861480849 1469506033
1366859647 993374886
1177515170 36768243
1435655085 1018365431
2076239550 1617039971
896336747 1548322632
133923124 208402731
283083012 994825553
1099904579 1342438296
557025877 519937991
1052697466 285381072
1716027076 1669614654
561687122 1055174971
2084830889 333885595
1409566971 126785510
1699971540 1882442907
1299233092 926008286
596854548 1621344848
438273099 1043126540
187065683 712141131
96874973 993796972
385066785 1083928726
1449227084 1031957238
400076514 577159686
314672041 769850375
1588254173 1390423937
566153401 1847443236
1987654397 1526519634
251837647 22873303
2092548539 310614555
123608054 2091844698
863876929 754335218
42608336 1930073193
1006248701 132557855
588197582 1346434292
969533533 137132677
1991659342 986851413
990955205 822299169
1248447950 1262939298
1749464460 577082722
2050568143 1349688425
1081212345 451080489
2076745148 769587586
803987745 1590238000
654923291 575535985
1442060962 1849074343
218148292 804790692
663758215 72319302
1754256987 1264100467
994190846 793296699
1942775062 1444047772
1879098046 458304239
1106346340 1574873022
1449520654 1922024809
1039140210 323553898
1492492066 1769129374
1705156302 809305752
392698499 1122932215
866425462 426216338
2073613174 995513338
1851991902 182769679
799917296 612353133
962363652 933165735
1746553607 1373698360
372502006 1940967141
726383837 2008311895
2036098911 1516690671
562482232 162886317
415859130 747776240
1432610572 1001742264
299233440 211546045
1957208453 254396710
1795448472 672094864
1809744907 655724915
1571759488 735898832
365373069 1045514445
1169423910 14586448
737318026 1875278839
1123419792 854149025
640219720 1089047022
1279762570 1136604049
1920789285 1101835723
1731331291 2132183331
81590987 172820932
1205151723 1412723624
2066733604 238843619
43692203 1528115653
2042932194 1902378807
1592836322 1179163330
268920352 339038695
1438762776 1911456205
620111012 1267578200
467639793 1163221876
1979336578 1775741934
40690769 29126109
989954837 1492102401
1615132150 820961938
1332746970 1137971107
1223886580 519099384
1263379094 607171868
1441614969 2083909619
1312278529 2119709622
808182213 1497318600
284386616 1356517168
1534740537 1516335851
958121242 215239273
1311329088 289062797
2030796502 1149019428
1639207343 1256657919
90106438 163831240
442932331 1262997786
1185366615 1252873323
250905086 13707719
1451381341 260340573
99451914 1972980686
746041232 1145916750
1705455038 1811143471
1118587157 1647219271
1022501861 191916619
1024634533 1910146238
361230838 311186906
270424197 1802512408
944081927 1629004716
1575763053 1425427484
1081296967 1434030284
1351503455 87961566
784033866 417582267
297527870 832099615
1208980874 1893865824
1998765051 418337514
157522136 781405553
1774686648 824672955
758119753 2031330013
698211020 227735503
981965932 51676320
489591929 1239128553
1561699046 112361972
930732488 1428541737
550041068 1438281557
1770613188 1290214084
1014954237 750802117
873253138 1034962935
862246768 1783755224
561779820 291591239
1495322528 792875331
2032090902 431545867
1919351673 559170057
1191706524 2123345951
1579056946 932896705
607181796 1272253112
62154828 1340116093
959141754 94026622
1283205096 1126124451
1797265298 2047301357
132884784 233852454
11571808 1117758402
1213848826 1936675714
62572082 1015269290
1529478791 339589403
570785747 577394662
386598680 1374958636
1425982585 498724174
571805575 622920284
346978700 2066487317
1252909295 793875757
1569362230 1478469079
876847156 2004355305
1137365178 1654179364
944604699 1155116890
1772057469 1381986482
1666664887 437462214
2007547988 531831043
1743456299 996760415
2003137625 250881430
632929356 637222097
1157182701 939568306
1157748475 1194557933
2076777505 422578246
1347811844 1474833460
1016153552 455565963
1702787520 392054693
1382768718 1246188439
125815592 1597702852
1458746096 134154181
1472321320 1093275346
1997844506 1231085388
1865791497 555284364
801476585 1388136437
1399530111 949196733
514189986 2111889898
516899174 1988543268
953065303 748036022
88024548 656777304
1959829100 2143644370
743506014 1505337222
2045719052 1876363270
1186918494 1661110298
563531675 710783072
873978455 2010924040
167747705 906006793
1837133071 349433748
175647731 1179886170
1468883939 871509983
60356861 1601228310
805481443 660329186
2137185460 1797848632
864546498 1989656355
558636284 790767424
201520504 1759982126
373399409 1644128826
776650529 1336901314
759834437 1679735744
1599617597 2131522492
425175986 485716268
1254703133 1930998329
1653626438 1840124771
1913667639 444213727
149427554 16600722
1020516735 322051331
2020360203 105678068
182505457 912358803
762567883 2024630584
296004285 1109628941
1371891543 361487537
1996729009 1060266652
297502594 1301283388
784167142 353747398
390013955 1098171561
844451041 1353078483
2116706711 883813035
275595575 628881183
1960086093 2042234248
767820071 452569673
522698474 1787028099
1785136288 1510234133
291560179 2031952981
1841729646 234252773
120872464 1114204028
2131456033 14696473
1206831024 743844673
225974453 199632543
1201543675 703359064
1555812984 128919274
787936216 1802149895
1459814910 1310008869
108525395 634645937
772697462 1139800472
892630425 777547772
118795033 1436803593
1575811568 814374191
1896688572 968415426
397573536 2104484197
1196793735 990235699
1180466343 976411503
1643895815 1536060604
1579844050 1013535715
951136842 410052811
2036118873 302465382
897983566 1712622216
2042206293 456513624
130036450 1039442237
1531746151 1108293719
23599621 333495785
1501839099 637619823
2034433702 810847229
492601980 369640837
612018675 1638703551
1898685242 1446456723
1743351521 776661022
242133779 1582167283
60912588 1835979432
1555650544 60534029
205290783 1460353939
1463452799 1594276694
1120983702 106322182
499044383 1939614639
1515303546 1146197263
698127849 319400965
1731594582 1018879702
211755530 671611648
594789631 952725496
92951432 650116911
1014106255 614877270
1653605193 369214983
1556602924 409657940
1179555914 569000164
