1 56 249 24 16
2 682 730 13 20
3 774 241 22 23
4 503 41 17 15
5 174 516 17 15
6 1 184 16 24
7 510 661 15 29
8 396 504 23 26
9 719 523 26 20
10 189 795 20 24
11 411 889 20 16
12 346 203 29 22
13 477 376 18 27
14 824 946 15 29
15 823 32 23 26
16 124 118 20 18
17 675 632 22 26
18 925 385 22 15
19 276 345 16 13
20 24 322 19 23
21 527 844 23 26
22 862 187 24 27
23 58 384 13 20
24 835 921 22 12
25 395 446 21 27
26 769 46 14 19
27 972 909 21 10
28 178 504 12 28
29 907 572 10 21
30 90 810 25 12
31 716 408 11 26
32 160 501 11 10
33 163 839 22 26
34 514 876 20 26
35 706 144 26 16
36 872 226 11 17
37 578 619 26 15
38 218 638 17 21
39 171 362 17 17
40 263 499 11 14
41 509 614 21 14
42 415 287 10 24
43 922 801 13 25
44 167 753 29 10
45 795 441 18 22
46 803 590 15 27
47 543 443 22 15
48 944 275 21 15
49 43 556 22 29
50 5 141 13 23
51 69 593 12 19
52 843 688 14 25
53 785 498 23 29
54 581 191 11 29
55 716 623 19 13
56 146 494 28 29
57 879 923 29 23
58 777 194 17 17
59 856 869 18 19
60 160 869 22 12
61 6 602 15 24
62 536 814 18 17
63 600 404 22 23
64 717 183 27 26
65 708 925 16 15
66 135 628 27 17
67 788 604 28 27
68 668 649 19 27
69 949 938 11 25
70 187 587 17 10
71 621 692 22 27
72 939 485 18 12
73 838 674 27 18
74 567 398 13 10
75 395 883 10 22
76 754 327 28 21
77 514 201 26 13
78 749 396 10 11
79 173 877 11 17
80 880 764 15 25
81 772 669 10 11
82 961 272 16 22
83 253 493 10 20
84 541 569 19 18
85 420 247 24 19
86 536 944 10 21
87 560 428 21 26
88 558 971 28 21
89 970 399 14 22
90 724 569 19 11
91 274 830 21 28
92 358 451 29 13
93 388 527 19 13
94 968 814 14 20
95 596 54 26 12
96 473 832 14 14
97 154 393 22 28
98 221 736 29 12
99 328 766 11 10
100 959 790 15 28
101 43 30 14 18
102 27 918 25 13
103 24 507 19 17
104 922 708 15 12
105 794 179 13 10
106 537 476 26 16
107 859 463 27 26
108 686 401 21 19
109 469 56 22 17
110 727 493 24 25
111 596 85 25 13
112 632 77 6 8
113 621 389 20 25
114 311 404 21 20
115 13 600 21 24
116 69 595 28 21
117 33 920 18 22
118 667 370 19 18
119 437 639 13 22
120 879 633 28 21
121 400 551 21 10
122 70 105 24 26
123 705 318 14 21
124 17 34 19 16
125 922 408 18 23
126 56 231 14 21
127 156 383 25 28
128 562 569 24 11
129 103 382 26 22
130 691 346 28 18
131 750 145 28 27
132 924 789 29 14
133 441 775 29 10
134 189 873 24 14
135 477 440 15 23
136 174 876 20 22
137 873 697 24 13
138 874 755 10 17
139 865 691 12 26
140 390 449 21 20
141 388 198 26 18
142 942 242 29 29
143 65 611 11 28
144 47 415 11 16
145 44 788 16 25
146 756 589 11 11
147 228 212 25 24
148 291 163 10 12
149 934 763 25 29
150 475 932 18 22
151 984 649 11 11
152 518 241 22 29
153 807 279 16 19
154 361 732 23 24
155 706 748 15 12
156 651 388 22 27
157 510 820 18 20
158 589 448 15 12
159 345 479 29 11
160 145 746 24 28
161 954 869 25 16
162 165 854 11 15
163 463 256 12 27
164 332 653 21 13
165 978 945 16 22
166 868 516 29 13
167 433 782 27 29
168 400 789 14 11
169 183 366 28 14
170 356 56 18 21
171 703 595 18 26
172 479 19 16 28
173 844 751 21 12
174 164 508 11 10
175 140 49 26 22
176 701 48 10 20
177 42 785 22 15
178 912 932 10 22
179 836 149 10 24
180 587 285 17 29
181 137 758 29 18
182 731 72 29 21
183 883 441 26 12
184 910 484 16 13
185 795 699 12 14
186 396 461 12 14
187 16 788 22 24
188 423 243 21 23
189 790 615 23 12
190 923 394 24 29
191 695 658 16 12
192 276 973 17 20
193 269 868 10 17
194 945 647 14 27
195 218 924 12 29
196 567 421 10 20
197 85 757 20 17
198 714 168 14 17
199 109 517 27 19
200 391 215 26 27
201 390 772 12 21
202 350 338 11 12
203 340 316 11 10
204 376 459 27 17
205 56 832 19 15
206 565 70 10 4
207 148 892 18 13
208 863 163 15 22
209 278 449 24 19
210 458 127 12 24
211 374 218 14 21
212 692 942 24 15
213 957 700 24 17
214 548 448 11 18
215 392 379 18 20
216 802 279 17 14
217 155 914 26 14
218 500 152 10 21
219 329 325 28 25
220 200 762 18 15
221 640 227 15 17
222 132 611 17 23
223 87 247 20 16
224 171 388 20 22
225 343 181 11 27
226 551 954 17 24
227 123 823 23 27
228 771 224 26 15
229 56 80 26 13
230 118 575 28 29
231 769 879 24 20
232 519 943 25 29
233 897 393 15 19
234 202 805 25 20
235 745 590 23 28
236 540 300 17 25
237 741 573 11 17
238 718 174 6 7
239 921 424 19 26
240 641 730 18 14
241 215 397 18 12
242 262 633 22 18
243 730 904 23 23
244 323 305 29 14
245 719 29 12 23
246 923 670 27 13
247 964 338 13 26
248 13 648 17 21
249 137 757 11 12
250 799 185 24 20
251 521 663 26 11
252 580 188 29 26
253 531 384 17 28
254 46 320 20 21
255 548 351 23 20
256 136 64 25 24
257 373 319 12 22
258 238 949 16 27
259 323 316 13 11
260 960 172 15 18
261 743 391 15 17
262 229 535 11 25
263 776 521 14 20
264 803 763 14 24
265 898 616 19 18
266 97 240 25 14
267 716 347 13 29
268 1 136 23 28
269 521 824 24 13
270 204 824 15 20
271 123 808 14 18
272 958 885 21 19
273 456 580 10 11
274 160 579 24 15
275 500 468 19 28
276 282 826 15 16
277 444 312 11 13
278 334 715 8 3
279 723 604 25 25
280 898 173 20 13
281 357 8 14 19
282 522 649 26 17
283 676 863 17 17
284 603 972 3 7
285 290 330 21 25
286 508 45 13 16
287 464 402 16 19
288 383 427 21 21
289 80 125 21 11
290 399 639 23 19
291 461 929 23 11
292 921 185 24 24
293 947 249 17 21
294 676 504 15 11
295 252 950 11 25
296 125 918 27 27
297 136 729 10 15
298 645 166 18 28
299 477 835 25 28
300 330 303 20 15
301 796 398 19 26
302 125 408 28 15
303 206 774 25 17
304 380 794 12 15
305 435 242 12 22
306 258 343 23 15
307 8 119 29 23
308 899 941 20 17
309 838 59 21 15
310 971 355 24 17
311 810 178 19 14
312 223 629 24 23
313 208 145 18 22
314 400 815 11 14
315 866 630 22 28
316 32 283 20 25
317 120 560 29 26
318 916 420 13 12
319 800 122 17 20
320 126 522 13 10
321 608 494 11 16
322 569 420 12 10
323 563 435 23 12
324 739 606 17 10
325 900 756 18 18
326 877 317 11 16
327 754 29 27 23
328 926 466 10 24
329 760 890 29 27
330 216 328 27 28
331 123 782 29 11
332 630 142 20 27
333 480 293 10 13
334 941 803 22 11
335 448 260 17 23
336 188 500 16 18
337 621 398 15 22
338 356 770 19 27
339 767 162 10 16
340 587 184 18 23
341 641 49 14 11
342 625 418 16 16
343 131 172 23 27
344 740 918 20 13
345 256 861 23 25
346 49 961 12 16
347 161 62 28 14
348 663 628 24 21
349 673 725 12 15
350 39 920 6 7
351 28 328 12 28
352 703 53 28 10
353 158 206 25 29
354 669 634 13 25
355 4 635 28 17
356 52 430 21 16
357 878 210 13 19
358 436 477 6 6
359 415 63 21 28
360 103 424 23 25
361 463 843 12 18
362 830 926 10 11
363 142 618 18 23
364 430 236 14 12
365 920 417 15 17
366 922 417 18 23
367 960 184 13 12
368 659 34 24 26
369 912 619 19 18
370 336 306 12 27
371 906 691 22 22
372 472 528 10 29
373 972 642 13 29
374 738 288 28 27
375 741 711 20 18
376 962 463 15 20
377 157 249 16 22
378 155 220 24 21
379 763 329 21 22
380 663 204 14 28
381 692 25 16 18
382 938 796 25 16
383 127 143 29 19
384 27 658 21 14
385 840 140 15 22
386 946 264 19 13
387 207 441 24 14
388 369 943 20 26
389 801 319 29 14
390 562 677 20 27
391 110 962 21 22
392 788 841 18 26
393 92 886 19 21
394 534 803 29 25
395 400 661 16 15
396 730 237 20 27
397 970 794 17 28
398 399 556 23 15
399 422 200 16 14
400 395 398 21 10
401 354 858 26 17
402 806 121 14 29
403 40 719 17 17
404 223 647 16 23
405 744 68 10 24
406 668 506 16 20
407 423 982 23 17
408 939 248 11 24
409 776 82 19 16
410 486 446 16 10
411 629 377 16 18
412 450 550 26 17
413 801 403 18 26
414 781 386 26 23
415 862 423 10 23
416 175 614 25 15
417 879 651 11 10
418 55 58 23 23
419 693 616 21 25
420 437 408 12 21
421 250 464 12 14
422 948 314 17 24
423 2 29 17 24
424 925 671 12 13
425 431 622 12 22
426 174 244 12 29
427 169 916 24 24
428 498 761 25 24
429 935 383 11 20
430 816 919 18 14
431 612 585 19 22
432 950 889 23 21
433 449 426 16 12
434 225 812 23 26
435 17 686 29 23
436 773 111 20 15
437 746 602 22 10
438 892 743 19 25
439 106 432 24 19
440 186 899 13 25
441 379 227 21 13
442 421 303 24 13
443 952 713 16 27
444 225 923 23 29
445 795 31 12 12
446 618 116 17 26
447 626 614 11 16
448 678 63 26 15
449 217 933 19 24
450 706 914 28 15
451 450 742 25 21
452 358 84 14 29
453 777 144 24 13
454 162 936 18 15
455 826 59 8 16
456 148 516 29 16
457 620 443 27 27
458 58 713 13 24
459 183 475 26 29
460 31 452 28 12
461 592 623 22 28
462 585 770 20 22
463 453 534 19 18
464 157 891 26 20
465 645 222 14 19
466 258 259 23 17
467 295 682 12 5
468 398 273 16 12
469 890 128 25 11
470 936 254 26 26
471 526 644 28 17
472 103 758 16 25
473 727 238 29 16
474 918 597 11 25
475 628 71 15 23
476 276 828 17 11
477 565 202 27 15
478 155 668 19 20
479 171 471 15 27
480 719 53 29 26
481 390 645 26 22
482 527 858 12 11
483 284 235 18 13
484 491 822 28 17
485 693 29 12 10
486 281 238 18 13
487 972 273 18 23
488 846 835 19 29
489 86 237 24 27
490 715 31 16 12
491 658 569 3 16
492 749 45 15 17
493 586 62 23 24
494 176 849 19 29
495 736 673 10 19
496 339 469 12 16
497 231 88 17 28
498 706 332 22 18
499 570 251 19 25
500 567 692 17 26
501 267 890 27 25
502 872 176 22 12
503 611 396 14 26
504 220 809 16 26
505 809 830 13 23
506 761 101 14 22
507 223 12 12 23
508 554 37 19 11
509 186 756 20 13
510 502 692 28 15
511 625 338 11 29
512 128 115 26 21
513 957 247 25 20
514 401 268 25 23
515 511 650 25 17
516 43 26 25 25
517 916 477 22 11
518 942 157 20 17
519 9 321 29 25
520 789 25 16 15
521 902 171 29 18
522 807 597 10 12
523 51 807 15 23
524 826 479 20 20
525 426 181 12 21
526 892 150 16 29
527 562 598 12 11
528 636 481 15 28
529 446 205 23 15
530 143 583 18 29
531 508 247 12 23
532 596 858 18 16
533 365 378 13 20
534 157 175 24 21
535 262 517 16 15
536 723 803 8 5
537 8 157 22 19
538 69 284 28 16
539 496 632 23 13
540 781 176 20 13
541 624 180 17 17
542 413 834 14 10
543 633 366 29 25
544 108 188 14 24
545 502 216 21 10
546 83 183 13 17
547 708 164 15 28
548 359 318 21 26
549 967 915 18 25
550 169 511 15 25
551 947 331 18 12
552 478 217 26 21
553 822 122 22 28
554 719 678 12 16
555 807 359 20 20
556 16 639 9 9
557 244 933 24 12
558 367 577 13 11
559 164 919 21 21
560 673 732 18 10
561 843 508 27 28
562 271 626 19 12
563 805 375 28 12
564 369 509 15 27
565 446 862 25 21
566 262 910 28 18
567 241 249 19 22
568 642 138 13 29
569 647 159 22 25
570 956 375 25 28
571 565 915 21 18
572 884 449 27 18
573 254 493 16 24
574 231 577 21 13
575 573 336 14 8
576 44 414 25 27
577 41 381 25 27
578 429 530 29 12
579 245 24 12 29
580 592 182 22 29
581 66 40 16 12
582 833 508 19 25
583 14 322 10 27
584 173 825 24 22
585 79 662 28 19
586 105 53 13 15
587 369 597 12 12
588 624 37 23 14
589 155 415 13 18
590 643 466 16 16
591 103 254 18 21
592 485 920 11 10
593 495 316 16 29
594 717 604 18 27
595 906 817 26 29
596 353 320 29 26
597 823 322 14 18
598 58 815 12 28
599 165 154 22 24
600 690 330 27 18
601 416 930 16 26
602 799 424 10 11
603 346 662 10 23
604 208 500 27 23
605 642 368 22 13
606 855 102 28 22
607 682 310 27 13
608 464 16 20 15
609 116 379 14 10
610 499 198 23 29
611 943 863 26 18
612 797 178 28 26
613 885 383 28 22
614 535 291 22 28
615 888 126 10 28
616 656 823 13 18
617 22 640 3 9
618 105 569 19 21
619 598 911 11 11
620 842 364 28 15
621 116 529 18 10
622 630 760 21 16
623 827 721 14 19
624 235 104 8 7
625 74 164 11 15
626 889 943 29 21
627 74 155 26 22
628 790 76 26 28
629 809 349 10 22
630 793 324 10 24
631 154 151 18 20
632 600 145 14 20
633 26 806 28 18
634 376 515 13 14
635 170 478 24 25
636 626 749 20 19
637 739 254 22 22
638 135 634 25 15
639 238 1 26 26
640 343 277 19 12
641 606 683 16 23
642 597 951 12 11
643 173 932 27 24
644 865 295 29 15
645 847 902 15 11
646 434 475 12 13
647 590 271 10 21
648 776 50 28 15
649 698 935 26 18
650 599 751 20 26
651 797 390 14 17
652 257 335 19 27
653 73 876 22 28
654 710 698 10 13
655 368 318 18 23
656 80 179 16 20
657 5 957 21 28
658 885 768 18 13
659 734 414 10 13
660 779 520 23 23
661 615 604 11 12
662 747 253 28 18
663 66 285 10 22
664 350 543 12 24
665 526 77 19 18
666 824 888 14 16
667 365 567 18 26
668 597 550 22 16
669 874 613 19 19
670 730 91 14 14
671 882 284 27 13
672 902 117 10 10
673 610 497 6 9
674 583 646 25 16
675 797 824 27 22
676 156 570 19 12
677 118 94 12 11
678 515 626 11 17
679 947 286 20 10
680 885 51 23 23
681 280 636 11 27
682 610 392 28 15
683 575 134 17 20
684 978 455 22 16
685 637 282 21 17
686 486 662 25 29
687 655 489 21 29
688 369 451 14 17
689 127 416 21 25
690 910 899 12 11
691 952 342 10 19
692 182 517 13 29
693 171 159 22 19
694 721 801 25 11
695 438 472 27 26
696 974 4 16 29
697 47 35 10 18
698 802 380 19 13
699 652 2 15 13
700 828 712 13 13
701 154 147 17 12
702 706 327 14 13
703 551 100 28 27
704 454 923 10 24
705 590 66 18 14
706 943 158 12 25
707 974 324 11 24
708 968 931 25 21
709 249 203 10 21
710 909 210 15 22
711 404 659 17 21
712 317 281 29 19
713 174 58 13 27
714 16 646 13 25
715 216 369 26 16
716 960 257 29 21
717 969 867 21 21
718 357 583 29 21
719 554 21 24 17
720 934 332 16 16
721 451 877 27 21
722 584 47 12 25
723 707 748 19 16
724 754 93 29 20
725 310 862 24 10
726 127 472 29 21
727 183 34 10 11
728 503 489 20 23
729 770 27 10 18
730 526 272 10 5
731 742 213 22 14
732 936 798 22 19
733 735 318 27 23
734 615 460 27 22
735 643 426 26 28
736 696 657 22 24
737 319 771 19 19
738 721 277 28 16
739 257 342 13 22
740 950 859 13 16
741 244 369 26 11
742 386 227 26 12
743 680 670 11 24
744 447 316 15 25
745 157 899 23 20
746 646 279 16 17
747 9 185 24 26
748 969 900 26 20
749 973 876 10 12
750 235 449 17 11
751 934 800 12 13
752 642 144 25 14
753 645 27 25 24
754 174 272 22 14
755 24 541 29 16
756 796 380 22 15
757 681 765 19 22
758 133 102 25 22
759 174 845 20 25
760 568 394 14 25
761 59 245 27 17
762 369 596 25 15
763 13 633 21 21
764 949 458 22 21
765 47 958 16 28
766 781 673 12 26
767 944 811 16 24
768 98 45 21 13
769 308 781 20 13
770 382 206 24 18
771 367 773 19 29
772 842 735 27 25
773 89 458 16 23
774 435 238 4 3
775 376 327 11 18
776 167 16 21 23
777 832 77 15 14
778 800 490 28 23
779 209 462 18 15
780 445 492 14 23
781 38 486 19 22
782 845 489 26 29
783 328 789 17 25
784 327 305 27 29
785 957 97 25 21
786 69 169 10 14
787 626 227 20 29
788 190 589 4 4
789 817 119 18 14
790 861 514 14 10
791 770 180 19 16
792 403 900 17 12
793 532 923 15 25
794 966 361 26 19
795 628 400 26 25
796 794 759 15 21
797 909 211 21 12
798 67 402 28 16
799 524 270 15 11
800 665 360 20 12
801 898 41 25 15
802 307 387 16 23
803 210 323 24 26
804 570 332 29 23
805 660 619 27 12
806 556 536 26 17
807 349 306 10 26
808 287 678 25 22
809 522 796 15 25
810 388 802 15 19
811 472 188 24 15
812 422 247 26 20
813 371 934 21 19
814 112 226 20 15
815 233 12 23 19
816 492 131 10 23
817 540 578 19 12
818 142 624 12 10
819 50 732 11 25
820 462 196 18 17
821 161 631 28 21
822 915 66 28 29
823 149 218 12 24
824 209 322 29 25
825 586 527 18 10
826 772 344 26 25
827 600 522 12 21
828 975 346 17 27
829 710 244 10 22
830 189 930 25 21
831 618 614 11 14
832 500 203 16 20
833 817 57 25 22
834 198 932 16 11
835 74 277 15 17
836 559 289 12 29
837 240 942 14 26
838 938 98 10 27
839 599 508 24 18
840 547 636 20 10
841 639 127 13 24
842 558 689 28 15
843 846 635 22 21
844 571 773 28 17
845 697 687 18 24
846 350 208 16 24
847 248 639 17 10
848 468 840 14 29
849 965 911 23 21
850 632 779 17 21
851 801 310 11 21
852 161 492 12 21
853 594 593 21 19
854 879 271 13 25
855 705 76 29 21
856 847 151 22 12
857 577 396 23 20
858 246 708 18 28
859 969 100 4 5
860 643 703 10 29
861 222 935 29 23
862 872 761 12 22
863 886 932 11 10
864 936 948 19 12
865 29 34 14 22
866 787 231 17 29
867 481 263 16 17
868 440 247 13 13
869 327 774 14 29
870 20 948 11 11
871 368 523 16 23
872 921 206 13 28
873 886 939 10 13
874 962 75 10 17
875 153 851 26 27
876 919 446 14 17
877 736 539 21 10
878 886 129 27 15
879 828 731 21 18
880 400 657 23 13
881 164 209 27 15
882 743 75 9 14
883 390 102 25 21
884 56 626 17 21
885 587 269 26 13
886 529 152 13 20
887 121 948 27 27
888 145 270 25 23
889 55 926 12 23
890 724 370 29 29
891 922 609 23 15
892 525 468 24 26
893 554 937 11 24
894 217 471 22 27
895 314 281 10 26
896 653 457 12 25
897 739 541 24 10
898 642 376 14 26
899 132 520 22 25
900 635 769 3 15
901 884 755 25 24
902 712 334 10 11
903 494 760 28 17
904 165 612 16 22
905 779 183 18 20
906 900 464 17 23
907 867 768 26 22
908 831 78 19 14
909 586 477 26 12
910 534 646 25 18
911 372 471 26 17
912 926 831 14 11
913 840 686 21 11
914 710 676 13 17
915 442 244 19 23
916 70 595 25 12
917 34 921 25 21
918 271 330 26 22
919 470 254 14 22
920 142 906 25 15
921 439 425 15 15
922 600 970 12 15
923 482 4 23 22
924 203 175 17 13
925 102 725 18 17
926 969 757 16 11
927 430 942 11 16
928 723 182 18 29
929 773 222 11 19
930 32 20 19 28
931 817 929 18 21
932 560 593 11 16
933 576 81 29 25
934 212 559 29 14
935 402 635 19 18
936 792 696 14 21
937 518 652 11 4
938 492 750 27 15
939 688 224 27 21
940 890 114 16 19
941 944 295 22 22
942 41 640 19 25
943 376 371 11 19
944 148 510 16 20
945 815 930 18 12
946 947 299 26 22
947 153 882 10 13
948 754 209 23 15
949 492 90 25 13
950 877 225 17 19
951 729 147 20 17
952 162 464 21 27
953 684 882 28 28
954 698 255 24 16
955 349 8 27 24
956 67 13 19 25
957 170 860 12 16
958 411 947 23 25
959 858 516 17 29
960 609 390 13 14
961 513 84 21 11
962 867 298 18 8
963 89 661 16 14
964 435 654 14 19
965 519 153 11 10
966 280 975 20 20
967 13 326 11 11
968 112 776 23 15
969 465 174 12 26
970 38 231 17 14
971 783 705 26 28
972 456 419 28 27
973 388 143 22 29
974 19 422 21 23
975 260 195 25 22
976 165 782 17 14
977 855 640 14 20
978 912 575 24 17
979 396 832 20 16
980 286 834 26 21
981 801 420 11 14
982 857 902 25 26
983 317 94 17 12
984 944 863 17 29
985 605 638 25 11
986 456 136 15 23
987 533 807 10 15
988 517 400 19 14
989 792 709 27 29
990 471 106 6 18
991 413 277 22 13
992 482 705 23 27
993 830 491 16 25
994 396 179 19 22
995 671 607 22 19
996 288 145 20 14
997 534 400 16 24
998 239 333 20 12
999 801 307 12 24
1000 714 606 12 18
1001 627 784 22 11
1002 734 20 27 14
1003 262 645 23 14
1004 445 670 13 12
1005 304 443 21 24
1006 199 5 10 23
1007 907 64 25 13
1008 553 953 10 16
1009 972 744 26 20
1010 766 180 16 20
1011 558 413 29 11
1012 299 456 22 10
1013 263 138 29 13
1014 746 17 10 21
1015 224 697 27 19
1016 182 609 25 12
1017 508 324 20 10
1018 758 200 13 24
1019 222 788 24 13
1020 254 197 25 19
1021 169 168 22 20
1022 618 120 15 24
1023 932 388 4 7
1024 220 142 29 14
1025 784 9 16 15
1026 658 715 16 28
1027 807 128 29 28
1028 128 240 12 25
1029 685 895 19 27
1030 582 930 21 27
1031 482 325 25 22
1032 659 442 10 18
1033 752 690 20 16
1034 168 762 11 23
1035 30 202 26 20
1036 290 442 26 12
1037 439 941 27 23
1038 563 121 14 28
1039 153 308 22 11
1040 743 157 10 13
1041 173 939 12 16
1042 334 562 22 13
1043 142 581 25 20
1044 195 609 17 16
1045 410 895 19 20
1046 233 495 23 29
1047 351 242 24 13
1048 595 641 11 10
1049 434 465 19 11
1050 418 672 19 10
1051 872 314 22 25
1052 631 721 12 22
1053 738 839 28 28
1054 49 226 13 17
1055 271 199 16 13
1056 200 828 17 23
1057 546 342 10 16
1058 6 166 19 28
1059 175 581 22 23
1060 36 665 13 14
1061 685 42 14 22
1062 282 626 20 17
1063 137 758 23 26
1064 105 205 15 22
1065 817 925 21 14
1066 608 901 18 25
1067 153 685 13 13
1068 745 162 24 29
1069 942 601 16 22
1070 690 776 21 17
1071 457 26 12 14
1072 224 27 18 14
1073 589 622 29 13
1074 479 270 16 21
1075 257 737 11 28
1076 122 195 21 19
1077 68 178 17 10
1078 28 727 16 11
1079 726 482 20 16
1080 39 923 28 23
1081 352 372 29 15
1082 786 670 23 10
1083 153 160 24 11
1084 235 325 16 18
1085 484 0 10 25
1086 22 36 18 17
1087 785 243 6 17
1088 505 198 10 17
1089 485 287 16 10
1090 466 342 23 18
1091 157 292 19 22
1092 641 606 22 29
1093 605 171 25 19
1094 562 903 29 13
1095 653 3 19 18
1096 601 848 21 19
1097 119 454 18 24
1098 819 876 14 10
1099 939 737 25 23
1100 662 614 27 12
1101 708 183 11 14
1102 353 47 27 11
1103 6 670 12 27
1104 438 504 24 24
1105 854 210 20 23
1106 661 859 24 13
1107 813 936 27 12
1108 285 470 26 18
1109 872 122 11 15
1110 799 825 21 11
1111 453 59 19 24
1112 571 600 27 25
1113 870 224 16 22
1114 11 16 14 23
1115 959 347 22 25
1116 137 931 24 19
1117 435 79 22 28
1118 37 318 14 18
1119 332 280 22 11
1120 434 950 18 18
1121 380 426 25 23
1122 362 749 15 13
1123 216 589 21 11
1124 228 740 26 26
1125 799 949 26 14
1126 691 948 14 16
1127 742 230 25 20
1128 174 881 21 12
1129 904 625 13 12
1130 52 413 19 13
1131 224 443 12 15
1132 680 361 29 10
1133 625 430 27 23
1134 378 494 11 18
1135 472 922 23 11
1136 694 958 20 14
1137 561 571 17 16
1138 356 863 21 7
1139 626 779 13 27
1140 469 284 17 23
1141 4 673 22 18
1142 342 176 28 11
1143 17 450 16 11
1144 784 389 14 22
1145 97 436 10 19
1146 934 692 27 11
1147 555 625 29 18
1148 253 456 19 17
1149 75 145 24 17
1150 544 857 14 14
1151 664 825 27 18
1152 20 578 24 11
1153 376 222 14 18
1154 214 762 14 12
1155 753 247 12 22
1156 728 675 19 27
1157 768 649 28 23
1158 647 363 23 22
1159 893 223 14 24
1160 727 519 12 25
1161 718 616 11 16
1162 415 970 15 24
1163 89 898 11 14
1164 868 883 27 13
1165 67 270 29 22
1166 263 480 27 26
1167 466 949 17 26
1168 653 562 15 28
1169 58 371 26 22
1170 761 22 29 11
1171 139 546 27 18
1172 58 600 13 23
1173 716 595 12 27
1174 196 845 12 14
1175 576 447 24 10
1176 319 314 20 21
1177 10 705 11 15
1178 430 933 27 11
1179 795 447 18 26
1180 924 782 27 24
1181 695 609 18 13
1182 600 180 28 28
1183 929 475 25 23
1184 363 776 13 26
1185 888 206 17 14
1186 876 136 23 14
1187 332 16 20 10
1188 554 966 14 20
1189 418 342 20 19
1190 175 826 16 14
1191 528 385 15 29
1192 925 117 20 29
1193 716 849 23 13
1194 164 394 20 12
1195 513 81 24 13
1196 841 475 19 11
1197 468 104 14 24
1198 806 495 13 29
1199 682 669 29 16
1200 429 776 22 14
1201 767 685 29 25
1202 398 881 19 15
1203 723 469 22 18
1204 158 738 27 25
1205 816 896 11 18
1206 780 498 21 16
1207 927 341 15 16
1208 826 55 27 18
1209 148 762 24 11
1210 556 546 15 10
1211 836 805 26 15
1212 548 794 23 21
1213 775 340 11 18
1214 54 390 12 20
1215 563 64 24 14
1216 569 693 12 22
1217 325 866 25 22
1218 753 611 16 25
1219 654 480 13 29
1220 83 255 16 18
1221 425 242 23 20
1222 350 590 17 19
1223 29 798 10 27
1224 147 92 15 20
1225 10 676 15 21
1226 93 103 28 20
1227 361 98 20 16
1228 552 300 19 19
1229 362 594 20 29
1230 509 889 11 25
1231 587 473 19 17
1232 710 387 12 25
1233 803 831 20 26
1234 102 938 21 17
1235 32 505 27 10
1236 798 885 25 26
1237 786 1 18 28
1238 830 673 29 27
1239 569 427 4 10
1240 236 226 17 26
1241 438 642 11 24
1242 713 305 23 24
1243 51 795 18 13
1244 549 847 27 24
1245 642 460 18 13
1246 399 222 13 16
1247 161 480 19 10
1248 888 226 27 23
1249 274 237 26 28
1250 16 323 20 25
1251 412 329 24 19
1252 377 188 23 14
1253 288 439 19 22
1254 759 110 11 27
1255 400 420 21 13
1256 446 663 25 15
1257 782 141 11 19
1258 374 442 21 28
1259 587 402 13 11
1260 78 152 29 25
1261 816 182 6 4
1262 382 939 24 29
1263 256 592 12 27
1264 83 909 24 21
1265 447 581 13 17
1266 679 654 24 11
1267 631 223 15 26
1268 180 366 12 19
1269 823 742 12 15
1270 221 290 24 16
1271 207 653 23 23
1272 774 513 11 17
1273 258 738 19 10
1274 161 356 22 21
1275 808 829 27 15
1276 28 653 19 19
1277 853 747 21 13
1278 600 627 18 28
1279 592 912 16 10
1280 133 722 10 11
1281 106 939 13 17
1282 68 251 25 17
1283 315 769 26 18
1284 250 365 25 10
1285 37 579 26 24
1286 122 411 17 12
1287 225 373 12 15
1288 444 587 22 26
1289 163 489 27 11
1290 460 8 14 25
1291 935 853 22 17
1292 255 953 11 17
1293 826 327 10 20
1294 953 245 10 13
1295 698 208 17 21
1296 748 189 29 12
1297 441 309 26 13
1298 666 500 27 27
1299 39 296 16 14
1300 463 261 10 15
1301 106 745 20 28
1302 153 946 18 10
1303 185 833 12 26
1304 15 135 18 11
1305 83 436 17 24
1306 296 333 20 12
1307 874 615 17 22
1308 118 543 25 14
1309 607 531 14 25
1310 694 399 14 20
1311 61 247 18 7
1312 363 947 29 18
1313 837 451 13 17
1314 293 470 26 25
1315 27 436 16 15
1316 724 398 11 22
1317 192 867 16 11
1318 958 58 20 22
1319 621 512 14 12
1320 39 498 16 13
1321 859 793 11 16
1322 863 529 29 29
1323 180 869 23 14
1324 593 134 21 27
1325 833 448 17 22
1326 83 812 23 26
1327 938 630 25 20
1328 877 513 13 25
1329 301 317 29 12
1330 931 951 24 27
1331 519 689 24 18
1332 165 449 21 20
1333 855 362 27 10
1334 647 348 10 27
1335 31 139 17 24
1336 219 960 26 15
1337 358 597 15 22
1338 277 504 21 27
1339 610 782 28 10
1340 548 940 18 10
1341 3 669 18 17
1342 832 502 22 24
1343 374 368 25 18
1344 381 97 14 24
1345 641 183 29 24
1346 974 913 25 15
1347 756 136 26 24
1348 390 965 27 15
1349 747 716 17 16
1350 363 222 13 25
1351 596 74 17 19
1352 178 384 27 27
1353 956 241 26 20
1354 846 48 16 15
1355 746 88 29 14
1356 402 878 21 11
1357 319 9 28 23
1358 467 748 21 17
1359 532 942 12 14
1360 581 613 19 14
1361 341 658 22 29
1362 483 657 10 13
1363 183 18 18 13
1364 208 425 12 27
1365 242 587 25 18
1366 853 843 15 17
1367 423 675 6 3
1368 889 642 16 23
1369 327 101 13 19
1370 983 436 14 20
1371 515 738 16 18
1372 825 940 24 24
1373 340 637 20 19
1374 432 604 21 24
1375 952 953 21 25
1376 92 714 23 20
1377 330 713 16 11
1378 62 49 13 23
1379 426 770 23 26
1380 920 908 14 18
1381 229 393 18 11
1382 762 237 24 29
1383 186 911 22 25
1384 942 297 26 18
1385 499 622 18 15
1386 787 183 13 25
1387 691 669 21 16
1388 409 150 28 23
1389 750 475 15 25
1390 859 426 19 22
1391 119 742 22 13
1392 233 31 16 15
1393 282 168 22 21
1394 303 431 17 20
1395 640 734 14 19
1396 686 598 10 28
1397 587 737 19 17
1398 952 261 13 10
1399 954 32 23 19
1400 632 767 10 21
1401 1 783 21 20
1402 68 407 19 14
1403 765 597 26 15
1404 741 266 19 17
1405 391 428 11 10
1406 607 907 13 16
1407 195 160 22 22
1408 469 952 9 13
1409 280 194 13 20
1410 870 757 18 13
1411 120 917 19 14