-31761 10798 3 -1
32025 -10468 -3 1
32018 -31724 -3 3
21393 -52982 -2 5
42645 10793 -4 -1
-21111 -10461 2 1
21436 -10468 -2 1
42695 -10468 -4 1
21388 -10463 -2 1
-31720 -42355 3 4
10800 -31725 -1 3
32052 42691 -3 -4
10808 53314 -1 -5
42690 -21097 -4 2
32060 -52979 -3 5
32007 -31728 -3 3
10808 21423 -1 -2
-31760 -21095 3 2
-21111 -42353 2 4
-10457 -21096 1 2
-53001 -10466 5 1
32052 -31728 -3 3
32047 -21098 -3 2
21395 42691 -2 -4
-53009 -31727 5 3
-53017 21428 5 -2
-21135 -52986 2 5
-21140 32061 2 -3
10774 53316 -1 -5
42653 -52984 -4 5
-53033 53318 5 -5
-53001 53313 5 -5
42685 -42353 -4 4
-21135 -52981 2 5
-31733 -31720 3 3
-21082 10795 2 -1
-52972 21423 5 -2
-21087 10800 2 -1
10806 -21098 -1 2
21406 42691 -2 -4
21409 -10468 -2 1
-53013 -52988 5 5
-31745 -31721 3 3
42681 21425 -4 -2
21378 -21089 -2 2
53286 32052 -5 -3
-52982 21422 5 -2
-10484 21431 1 -2
-53001 21431 5 -2
32066 -52988 -3 5
32060 -21090 -3 2
42673 -10464 -4 1
-42378 -21091 4 2
-21110 -31728 2 3
21389 21429 -2 -2
10755 21424 -1 -2
-31725 -42357 3 4
21437 42686 -2 -4
-31721 53318 3 -5
-10502 -42354 1 4
42642 -31719 -4 3
21379 42691 -2 -4
-52973 -52988 5 5
-42359 42685 4 -4
-53017 -31725 5 3
-21143 -52982 2 5
32051 -31725 -3 3
-53001 42685 5 -4
-42379 42682 4 -4
-31757 -52985 3 5
-31765 -52988 3 5
-10460 -52987 1 5
42678 -42356 -4 4
-53004 -21090 5 2
53311 53319 -5 -5
-53017 -42350 5 4
-10501 21429 1 -2
42669 42688 -4 -4
53275 32059 -5 -3
21387 10796 -2 -1
21418 10795 -2 -1
-21092 42687 2 -4
-42359 -10462 4 1
-21118 42684 2 -4
10764 -10459 -1 1
42682 32053 -4 -3
42653 -42350 -4 4
-31738 -31724 3 3
-10469 10794 1 -1
-31725 -42358 3 4
-10456 21426 1 -2
21417 -10459 -2 1
-42385 10801 4 -1
10792 -52987 -1 5
21401 32053 -2 -3
-31712 -10466 3 1
32016 -42354 -3 4
32049 53316 -3 -5
-10494 -42349 1 4
-52977 -10459 5 1
-31773 10798 3 -1
10776 -10468 -1 1
21385 32059 -2 -3
-10462 -52988 1 5
10795 -42351 -1 4
-21090 42684 2 -4
-31745 -21091 3 2
53275 21427 -5 -2
53283 -21092 -5 2
-10477 -52988 1 5
53267 -21098 -5 2
10757 -31728 -1 3
21433 53315 -2 -5
-53033 21426 5 -2
-31725 -10463 3 1
21413 32056 -2 -3
21402 -21095 -2 2
42672 32056 -4 -3
-53033 -42354 5 4
10788 -31726 -1 3
-10488 -52981 1 5
42654 10801 -4 -1
10779 -52985 -1 5
-31755 53321 3 -5
-10508 42691 1 -4
-52985 42686 5 -4
32047 21430 -3 -2
-42350 10800 4 -1
-42403 -10459 4 1
42669 10801 -4 -1
42693 -31724 -4 3
-10463 -52984 1 5
-52985 21430 5 -2
-10503 -31728 1 3
-53017 10800 5 -1
-42359 21428 4 -2
-21116 10796 2 -1
53295 10795 -5 -1
-52980 -10467 5 1
-42363 -21097 4 2
53283 -52983 -5 5
21433 10797 -2 -1
10760 53321 -1 -5
-31764 -52984 3 5
32039 53314 -3 -5
-21135 21423 2 -2
21390 -21095 -2 2
10787 -10467 -1 1
42637 21430 -4 -2
-31769 -10459 3 1
-21108 -10468 2 1
-21132 10792 2 -1
-31753 -52979 3 5
-53017 21423 5 -2
-10487 10797 1 -1
-42378 32058 4 -3
32051 -52986 -3 5
-52985 -52981 5 5
-10497 -42356 1 4
-10465 -10463 1 1
42671 -42358 -4 4
21396 10801 -2 -1
53267 -31724 -5 3
-42363 32053 4 -3
32048 10799 -3 -1
53280 -31727 -5 3
-52985 -21096 5 2
21385 53312 -2 -5
-10479 42682 1 -4
-10487 10796 1 -1
-42352 -10463 4 1
-53007 32056 5 -3
21386 32052 -2 -3
-10465 10792 1 -1
-31757 42683 3 -4
42678 -10461 -4 1
-52975 32056 5 -3
-53009 32060 5 -3
-10476 -42358 1 4
-31752 -10460 3 1
-10481 53313 1 -5
-21125 -21098 2 2
53303 -31728 -5 3
21429 -10464 -2 1
-53009 21431 5 -2
32047 32060 -3 -3
21405 -52986 -2 5
-42359 21424 4 -2
10758 10792 -1 -1
32055 32059 -3 -3
21433 53320 -2 -5
32027 -21089 -3 2
-31721 -10464 3 1
-31733 -52988 3 5
42645 21425 -4 -2
-53033 -31719 5 3
-10513 -31727 1 3
10747 53314 -1 -5
42693 53313 -4 -5
53299 -21098 -5 2
-10452 32055 1 -3
-21098 32052 2 -3
53301 21426 -5 -2
21389 42688 -2 -4
32016 32056 -3 -3
53323 32059 -5 -3
10808 -52985 -1 5
32007 -42356 -3 4
21390 53314 -2 -5
21405 21429 -2 -2
-31717 -31721 3 3
-10457 -42353 1 4
42685 -21089 -4 2
-21095 21430 2 -2
-21102 -42352 2 4
-10465 32052 1 -3
21433 42691 -2 -4
-21135 -31720 2 3
42653 -31727 -4 3
32063 -31725 -3 3
32032 -21092 -3 2
10798 21422 -1 -2
32060 -10459 -3 1
-10479 -21098 1 2
-21091 32052 2 -3
-31745 -52982 3 5
-31752 -10467 3 1
53317 -52988 -5 5
32032 10794 -3 -1
-42378 42684 4 -4
21389 21429 -2 -2
-21098 -42349 2 4
-42355 10795 4 -1
32043 42682 -3 -4
10755 53313 -1 -5
53267 21427 -5 -2
53300 42686 -5 -4
-42354 21426 4 -2
21409 -10463 -2 1
-21135 42688 2 -4
32039 -42354 -3 4
-31717 -21091 3 2
53323 32058 -5 -3
21412 32052 -2 -3
53308 10795 -5 -1
-53020 -31727 5 3
10791 21428 -1 -2
-31741 -10461 3 1
42649 32058 -4 -3
10755 -52979 -1 5
-21114 10792 2 -1
-21143 -10461 2 1
32052 53320 -3 -5
-10470 53316 1 -5
-21092 -31724 2 3
-10465 21428 1 -2
32036 -21097 -3 2
32007 -52985 -3 5
42669 -21091 -4 2
42669 -10467 -4 1
53283 32059 -5 -3
-10505 10796 1 -1
53302 -21098 -5 2
21394 21422 -2 -2
53317 10792 -5 -1
-10476 -10468 1 1
-42387 -31725 4 3
42697 53316 -4 -5
-42376 10797 4 -1
-31724 -21098 3 2
53267 42683 -5 -4
32023 10794 -3 -1
-10452 -31727 1 3
-21143 32057 2 -3
32033 21427 -3 -2
-10457 32053 1 -3
-21092 -31724 2 3
-10500 -42357 1 4
42645 -31722 -4 3
10803 -21093 -1 2
-10492 -31720 1 3
42650 -21089 -4 2
53267 -42357 -5 4
21428 21426 -2 -2
-31725 10794 3 -1
-21102 -31721 2 3
-42347 10793 4 -1
42654 -42358 -4 4
42671 -10464 -4 1
-53025 -21094 5 2
21410 42682 -2 -4
42669 -31725 -4 3
53278 53312 -5 -5
53299 21430 -5 -2
32035 -31726 -3 3
21393 -31724 -2 3
-21091 -10461 2 1
-10504 -21098 1 2
42650 -21096 -4 2
-10481 53314 1 -5
21436 42686 -2 -4
-42347 -31725 4 3
42693 -31728 -4 3
-21111 10798 2 -1
32063 21424 -3 -2
21434 -10468 -2 1
21401 -31727 -2 3
21420 42687 -2 -4
-10500 -21090 1 2
-10485 -31725 1 3
32063 -42356 -3 4
21406 -52987 -2 5
-31732 53318 3 -5
-42361 -10463 4 1
-31713 -31724 3 3
-10468 -21097 1 2
-10492 32060 1 -3
42694 -10464 -4 1
-42403 -42351 4 4
42661 42690 -4 -4
-53017 -21091 5 2
32056 21426 -3 -2
10805 42682 -1 -4
53299 -21089 -5 2
-31765 42685 3 -4
21394 53312 -2 -5
10800 42690 -1 -4
53309 10797 -5 -1
53325 42686 -5 -4
53323 32052 -5 -3
21377 -52988 -2 5
-10505 -42358 1 4
21389 -31724 -2 3
32017 -10464 -3 1
42685 10794 -4 -1
53279 53312 -5 -5
32048 -52985 -3 5
21385 10797 -2 -1
53267 32055 -5 -3
-21143 32061 2 -3