197558 -160485 -16 13
-172791 -148140 14 12
-172790 -24690 14 2
-98719 160485 8 -13
61767 61725 -5 -5
135838 12345 -11 -1
148184 135795 -12 -11
-209820 -74070 17 6
-123404 49380 10 -4
74104 1 -6 0
135830 -234554 -11 19
160521 86416 -13 -7
-246863 -135794 20 11
209903 -123449 -17 10
39 -24689 0 2
-49340 74071 4 -6
222251 148141 -18 -12
-111063 123451 9 -10
172873 1 -14 0
-222166 -185174 18 15
-36990 86416 3 -7
-197474 -160484 16 13
47 222211 0 -18
-12297 234556 1 -19
86464 -12344 -7 1
-86365 -172829 7 14
37065 -98758 -3 8
-185144 -123448 15 10
12377 -135793 -1 11
37068 -61723 -3 5
-172796 222212 14 -18
-98725 -49378 8 4
209901 98762 -17 -8
148177 24692 -12 -2
-135757 111107 11 -9
86454 -148138 -7 12
-172790 -209863 14 17
197561 -160483 -16 13
49422 74072 -4 -6
61768 74072 -5 -6
-160441 -24688 13 2
-61680 -123448 5 10
222256 -61723 -18 5
-148093 111107 12 -9
123498 -135793 -10 11
123499 -74068 -10 6
-12295 -24688 1 2
-98709 -61723 8 5
12397 24692 -1 -2
86468 -123448 -7 10
-37013 -74067 3 6
197543 -209862 -16 17
-61701 24693 5 -2
-197495 -185172 16 15
86441 -246897 -7 20
37062 172833 -3 -14
-234527 -49377 19 4
-222181 61728 18 -5
123480 86418 -10 -7
123481 -135792 -10 11
-24658 -12342 2 1
-234522 -246897 19 20
209899 3 -17 0
74105 3 -6 0
-111069 -86412 9 7
-148092 -209862 12 17
-209816 209868 17 -17
-86365 197523 7 -16
-172779 185178 14 -15
197572 37038 -16 -3
160538 -86412 -13 7
49434 209868 -4 -17
98815 -98757 -8 8
111124 -172826 -9 14
-49360 -222206 4 18
-246879 234559 20 -19
135817 234559 -11 -19
-160462 49384 13 -4
-185151 111109 15 -9
160510 24694 -13 -2
26 148144 0 -12
-160458 -148136 13 12
24718 222214 -2 -18
-185146 -49376 15 4
197550 -148136 -16 12
86446 49384 -7 -4
123500 -246896 -10 20
160536 61729 -13 -5
-49328 4 4 0
-209812 -185171 17 15
-12291 -172826 1 14
148195 -222206 -12 18
123506 -160481 -10 13
135812 -148135 -11 12
222228 -148135 -18 12
222229 135800 -18 -11
98780 172835 -8 -14
-98739 148145 8 -12
-185153 172835 15 -14
135818 -246895 -11 20
12369 -61720 -1 5
86440 -135790 -7 11
-61699 197525 5 -16
222237 61730 -18 -5
-135767 111110 11 -9
-209836 37040 17 -3
37065 135800 -3 -11
135826 123455 -11 -10
148191 172835 -12 -14
-172778 148145 14 -12
-246847 -49375 20 4
-185121 -98755 15 8
-160430 -37030 13 3
-234499 197525 19 -16
-246883 -185169 20 15
74088 -246894 -6 20
-74051 24696 6 -2
20 -135789 0 11
-49359 -86409 4 7
135817 -74064 -11 6
-24667 98766 2 -8
123474 6 -10 0
222235 -98754 -18 8
74096 -148134 -6 12
98787 -86409 -8 7
-123422 -37029 10 3
222239 -12339 -18 1
209895 197526 -17 -16
98791 74076 -8 -6
-209833 -12339 17 1
209917 -209859 -17 17
-246847 12351 20 -1
37089 -148134 -3 12
111160 172836 -9 -14
12401 -185169 -1 15
-111088 7 9 0
-123432 -234548 10 19
234574 -49373 -19 4
-74050 -209858 6 17
-148119 -123443 12 10
-86393 61732 7 -5
23 185182 0 -15
-86391 7 7 0
-185150 86422 15 -7
26 135802 0 -11
27 37042 0 -3
-123421 172837 10 -14
-86385 -222203 7 18
-37004 185182 3 -15
-98728 61732 8 -5
-197487 24697 16 -2
-135761 -135788 11 11
86454 86422 -7 -7
-135755 74077 11 -6
135836 234562 -11 -19
-98718 234562 8 -19
-49337 -185168 4 15
-74026 98767 6 -8
-61680 234562 5 -19
123496 -197513 -10 16
-222163 -98753 18 8
61773 -86408 -5 7
209914 98767 -17 -8
-111053 -197513 9 16
-222157 -209858 18 17
123504 148147 -10 -12
-24635 -111098 2 9
37091 37042 -3 -3
197537 -197512 -16 16
160503 -24682 -13 2
-197501 135803 16 -11
-12325 148148 1 -12
-49359 172838 4 -14
74092 -197512 -6 16
-160462 123458 13 -10
160509 148148 -13 -12
-197495 -246892 16 20
-246874 -246892 20 20
-98733 -111097 8 9
172858 98768 -14 -8
-222181 -185167 18 15
-111075 197528 9 -16
-123419 -160477 10 13
-49348 37043 4 -3
-222177 148148 18 -12
98794 -49372 -8 4
-234520 234563 19 -19
197557 123458 -16 -10
197558 197528 -16 -16
197559 37043 -16 -3
24730 -234547 -2 19
-111064 185183 9 -15
-86373 -37027 7 3
-49337 -148132 4 12
-86371 61733 7 -5
-135750 -197512 11 16
-49334 222218 4 -18
-12298 24698 1 -2
24738 -148132 -2 12
-24641 -222202 2 18
-234505 -61717 19 5
-234504 -37027 19 3
-36982 -37027 3 3
-209811 24698 17 -2
-61670 209873 5 -17
148196 -24682 -12 2
-12328 -160476 1 13
-222192 -49371 18 4
-135776 197529 11 -16
37055 -12336 -3 1
-111084 -98751 9 8
-74048 12354 6 -1
-234532 24699 19 -2
-172806 -160476 14 13
-135770 209874 11 -17
222236 135804 -18 -11
24717 -111096 -2 9
-123422 -98751 10 8
-234526 -111096 19 9
49410 -111096 -4 9
197551 -98751 -16 8
-234523 37044 19 -3
-61692 -123441 5 10
-234519 123459 19 -10
37072 -172821 -3 14
-197482 -197511 16 16
-160446 -111096 13 9
-111065 -24681 9 2
135836 123459 -11 -10
185217 -234546 -15 19
135838 135804 -11 -11
-197476 -160476 16 13
209910 111114 -17 -9
-61679 222219 5 -18
-111058 -98751 9 8
24738 234564 -2 -19
-111056 123459 9 -10
-185125 123459 15 -10
86466 -209856 -7 17
-160433 -197511 13 16
185228 -160476 -15 13
-160431 -49371 13 4
-160430 -172821 13 14
-185119 111114 15 -9
-61709 111115 5 -9
-24673 -172820 2 14
-86397 24700 7 -2
-111086 -123440 9 10
86435 -74060 -7 6
-111082 197530 9 -16
37059 37045 -3 -3
-209840 185185 17 -15
-111079 12355 9 -1
-86388 -74060 7 6
37063 98770 -3 -8
209894 123460 -17 -10
-234525 61735 19 -5
37066 12355 -3 -1
-111073 86425 9 -7
-172797 98770 14 -8
-74034 -185165 6 15
61762 10 -5 0
-123412 -172820 10 14
-12306 74080 1 -6
49420 -185165 -4 15
197561 -160475 -16 13
172872 234565 -14 -19
49423 172840 -4 -14
-49336 -197510 4 16
24735 49390 -2 -4
49426 10 -4 0
-135748 -222200 11 18
135843 185185 -11 -15
-49331 135805 4 -11
49430 37045 -4 -3
111156 172840 -9 -14
-185123 197530 15 -16
53 -172820 0 14
185229 148150 -15 -12
-197465 -37025 16 3
-135739 -111095 11 9
-222195 11 18 0
-111089 -234544 9 19
222227 37046 -18 -3
24708 98771 -2 -8
185194 -197509 -15 16
-160465 98771 13 -8
-222189 123461 18 -10
24712 234566 -2 -19
23 12356 0 -1
-61701 111116 5 -9
-98735 49391 8 -4
-209839 -234544 17 19
-24663 86426 2 -7
-160457 148151 13 -12
29 37046 0 -3
-172800 -135784 14 11
98791 24701 -8 -2
-123418 61736 10 -5
-74037 222221 6 -18
111139 -172819 -9 14
148176 -12334 -12 1
49417 -12334 -4 1
37073 123461 -3 -10
98799 -12334 -8 1
-86375 12356 7 -1
172871 -197509 -14 16
-74028 -37024 6 3
-49337 -123439 4 10
37079 -111094 -3 9
-49335 111116 4 -9
-160439 -98749 13 8
234603 11 -19 0
-12296 197531 1 -16
61775 24701 -5 -2
135846 -135784 -11 11
12397 74081 -1 -6
135848 49391 -11 -4
-36981 222221 3 -18
-197465 -49369 16 4
-197464 -246889 16 20
-24676 185187 2 -15
-86400 160497 7 -13
-12329 -111093 1 9
-148123 -49368 12 4
-246882 111117 20 -9
-123431 209877 10 -17
172850 185187 -14 -15
111126 -74058 -9 6
-111083 12357 9 -1
-135772 135807 11 -11
172854 -37023 -14 3
24715 37047 -2 -3
234581 148152 -19 -12
86442 -123438 -7 10
49408 -160473 -4 13
185204 12357 -15 -1
-123420 148152 10 -12
111136 -172818 -9 14
123482 209877 -10 -17
-160449 24702 13 -2
-12308 160497 1 -13
-98722 135807 8 -11
160524 -98748 -13 8
-234515 -148128 19 12
111146 -246888 -9 20
-98718 111117 8 -9
160528 86427 -13 -7
49424 222222 -4 -18
148185 148152 -12 -12
172876 111117 -14 -9
86462 -234543 -7 19
-172782 24702 14 -2
37084 -86403 -3 7
-49330 -37023 4 3
74121 74082 -6 -6
-246848 -172818 20 14
-49327 -37023 4 3
-98706 160497 8 -13
222265 160497 -18 -13
-74014 24702 6 -2
49393 -74057 -4 6
-160471 222223 13 -18
111120 -246887 -9 20
185191 37048 -15 -3
222227 160498 -18 -13
-123432 172843 10 -14
-135776 -86402 11 7
123470 -98747 -10 8
-61704 222223 5 -18
-148118 -246887 12 20
61748 123463 -5 -10
12369 -86402 -1 7
-148115 -197507 12 16
-185149 -111092 15 9
148167 13 -12 0
148168 -37022 -12 3
-209836 24703 17 -2
74100 160498 -6 -13
-222179 -12332 18 1
-24658 -246887 2 20
111138 74083 -9 -6
222244 -12332 -18 1
172865 209878 -14 -17
-74034 -135782 6 11
61762 12358 -5 -1
-172792 61738 14 -5
24729 -98747 -2 8
222250 172843 -18 -14
148181 160498 -12 -13
123492 61738 -10 -5
172873 37048 -14 -3
123494 -24677 -10 2
-234510 148153 19 -12
123496 86428 -10 -7
74117 197533 -6 -16
-123402 185188 10 -15
135846 -234542 -11 19
-12293 -111092 1 9
123503 197533 -10 -16
74124 -111092 -6 9
-86360 -172817 7 14
172842 -37021 -14 3
-123437 -12331 10 1
-197506 74084 16 -6
-185160 197534 15 -16
111121 197534 -9 -16
24717 -111091 -2 9
197548 -74056 -16 6
111134 74084 -9 -6
185205 -197506 -15 16
37066 -185161 -3 15
-185143 -148126 15 12
123483 -74056 -10 6
234589 -111091 -19 9
185210 -135781 -15 11
36 -61711 0 5
-86378 222224 7 -18
135833 135809 -11 -11
-222171 -74056 18 6
-160445 -49366 13 4
148181 -172816 -12 14
61767 -197506 -5 16
-246857 49394 20 -4
-86371 61739 7 -5
111155 185189 -9 -15
172881 -61711 -14 5
-222158 148154 18 -12
53 -12331 0 1
123504 37049 -10 -3
-12290 -185161 1 15
-197509 -49365 16 4
86427 -148125 -7 12
-197507 -222195 16 18
49394 -160470 -4 13
-98745 172845 8 -14
-172792 123465 14 -10
185214 -49365 -15 4
222250 -61710 -18 5
-111064 74085 9 -6
185217 -37020 -15 3
-148097 61740 12 -5
61769 -246885 -5 20
111155 -49365 -9 4
197571 234570 -16 -19
-123398 24705 10 -2
209918 -98745 -17 8
123504 -123435 -10 10
-209810 -61710 17 5
-86405 -172814 7 14
185186 160501 -15 -13
-197508 -49364 16 4
12358 -222194 -1 18
135809 12361 -11 -1
61740 148156 -5 -12
-197471 -12329 16 1
-24640 37051 2 -3
-74019 -185159 6 15
172882 -246884 -14 20
-197467 86431 16 -7
135849 -74054 -11 6
-123441 172847 10 -14
49390 17 -4 0
172841 -49363 -14 4
24702 -148123 -2 12
111118 -123433 -9 10
37049 209882 -3 -17
185223 -74053 -15 6
37084 234572 -3 -19
-12295 197537 1 -16
185226 -86398 -15 7
52 49397 0 -4
-36982 160502 3 -13
222218 197538 -18 -16
-135786 209883 11 -17
148150 -111087 -12 9
-185164 86433 15 -7
135807 18 -11 0
-172817 111123 14 -9
98808 160503 -8 -13
37084 -160467 -3 13
61775 -111087 -5 9
74121 -197502 -6 16
-234503 -160467 19 13
-135742 -197502 11 16
-123442 -172811 10 14
-86406 86434 7 -7
-49370 -246881 4 20
49391 -123431 -4 10
-24678 37054 2 -3
-98725 -246881 8 20
111141 148159 -9 -12
-24653 -12326 2 1
-36997 -12326 3 1
49427 222229 -4 -18
-246852 148159 20 -12
-61676 -86396 5 7
-234505 74089 19 -6
24741 -135776 -2 11
-234503 -148121 19 12
-160477 135815 13 -11
61734 111125 -5 -9
234565 -61705 -19 5
-12334 -37015 1 3
160519 -234535 -13 19
-234520 61745 19 -5
209901 -222190 -17 18
37 -234535 0 19
-222172 20 18 0
-111065 -61705 9 5
-185134 -12325 15 1
111147 -61705 -9 5
148186 111125 -12 -9
-222163 160505 18 -13
-148092 135815 12 -11
86464 -197500 -7 16
123500 86435 -10 -7
-185124 -246880 15 20
-222202 -135774 18 11
-98751 234576 8 -19
98770 185196 -8 -15
-61714 74091 5 -6
24724 -61704 -2 5
-86380 -209844 7 17
123486 -86394 -10 7
-185138 -209844 15 17
86453 61746 -7 -5
-61686 -209844 5 17
-172790 160506 14 -13
135836 -185154 -11 15
-12303 37056 1 -3
209908 -197499 -17 16
-98714 -148119 8 12
-36988 -86394 3 7
49428 61746 -4 -5
24739 160506 -2 -13
-148090 61746 12 -5
37111 222231 -3 -18
-98683 -148119 8 12
-172752 -172809 14 14
222289 197541 -18 -16
-160405 111126 13 -9
61806 185196 -5 -15
74152 -209844 -6 17
-86332 -234534 7 19
86499 49401 -7 -4
-86408 -111083 7 9
-111097 49402 9 -4
-86406 12367 7 -1
123460 24712 -10 -2
185186 -209843 -15 17
-222176 -197498 18 16
-160450 -37013 13 3
-86379 -160463 7 13
-111068 -111083 9 9
172868 209887 -14 -17
-24651 185197 2 -15
-160445 -222188 13 18
-160444 22 13 0
197562 86437 -16 -7
-160440 -185153 13 15
148186 61747 -12 -5
-160438 -148118 13 12
111153 37057 -9 -3
49429 -148118 -4 12
-172756 -98738 14 8
-73995 12367 6 -1
-49304 222232 4 -18
74147 -135773 -6 11
24768 -24668 -2 2
-148061 123472 12 -10
-197440 74092 16 -6
-234474 -49358 19 4
82 185197 0 -15
123533 -135773 -10 11
-234471 -222188 19 18
123535 160507 -10 -13
148147 74093 -12 -6
148148 222233 -12 -18
-234546 61748 19 -5
148150 -246877 -12 20
-135784 12368 11 -1
123483 74093 -10 -6
111139 98783 -9 -8
-123415 -24667 10 2
37071 209888 -3 -17
37 -37012 0 3
-98722 98783 8 -8
39 197543 0 -16
148180 -49357 -12 4
160526 -24667 -13 2
42 23 0 0
-234511 -246877 19 20
185220 197543 -15 -16
135841 -37012 -11 3
98807 86438 -8 -7
-135747 23 11 0
-135723 -61702 11 5
197593 -197497 -16 16
-111031 111128 9 -9
-209790 24713 17 -2
148216 -209842 -12 17
37112 123473 -3 -10
-111023 222233 9 -18
-98677 -209842 8 17
-86331 -98737 7 8
-234470 -111082 19 9
-24683 -135771 2 11
24698 -172806 -2 14
-222201 148164 18 -12
24700 -37011 -2 3
-111094 -123426 9 10
172863 -98736 -14 8
172864 -185151 -14 15
234590 -135771 -19 11
-172794 123474 14 -10
185212 -160461 -15 13
172868 49404 -14 -4
-98721 172854 8 -14
-234515 222234 19 -18
-185134 197544 15 -16
222254 -234531 -18 19
24735 -234531 -2 19
234601 -61701 -19 5
47 -222186 0 18
37083 49404 -3 -4
222280 -12321 -18 1
-246829 -209841 20 17
-123378 -37011 10 3
-185102 24 15 0
123524 86439 -10 -7
-98685 111129 8 -9
98836 -160461 -8 13
74151 -74046 -6 6
-123368 12369 10 -1
-197437 49404 16 -4
234639 -222186 -19 18
148225 -98736 -12 8
-37028 197545 3 -16
-123442 -123425 10 10
-123441 -246875 10 20
148150 61750 -12 -5
160496 98785 -13 -8
172862 -148115 -14 12
-222177 -111080 18 9
135829 24715 -11 -2
-74035 -135770 6 11
-148104 86440 12 -7
-209828 98785 17 -8
135833 -37010 -11 3
98799 -234530 -8 19
86455 -74045 -7 6
-148097 -86390 12 7
-111061 -246875 9 20
-36990 74095 3 -6
-135749 123475 11 -10
-49333 61750 4 -5
-49332 -61700 4 5
234623 -246875 -19 20
-49311 -160460 4 13
-148070 135820 12 -11
-246829 135820 20 -11
123522 -24665 -10 2
12418 -12320 -1 1
-160411 49405 13 -4
135875 172855 -11 -14
-172749 185200 14 -15
-160403 148165 13 -12
-197437 -148115 16 12
209949 -37010 -17 3
24697 -74044 -2 6
-222202 37061 18 -3
-49371 -74044 4 6
49390 -185149 -4 15
49391 209891 -4 -17
-86383 234581 7 -19
49413 -12319 -4 1
34 -160459 0 13
135830 148166 -11 -12
209901 -172804 -17 14
111142 -197494 -9 16
-98722 -209839 8 17
74109 197546 -6 -16
61768 -111079 -5 9
-234511 -135769 19 11
135840 26 -11 0
197566 135821 -16 -11
-111058 -197494 9 16
74118 209891 -6 -17
-160436 -111079 13 9
148190 49406 -12 -4
-197469 98786 16 -8
86467 -86389 -7 7
148193 123476 -12 -10
-234501 -12319 19 1
-123395 26 10 0
-49324 -49354 4 4
74127 -234529 -6 19
61783 26 -5 0
185234 123476 -15 -10
-74010 -86389 6 7
-36974 -123424 3 10
-49318 -123424 4 10
185241 -61699 -15 5
-197453 37061 16 -3
160553 -172804 -13 14
74139 74096 -6 -6
123520 172856 -10 -14
-123379 24716 10 -2
234627 -123424 -19 10
-172752 160511 14 -13
-111026 -49354 9 4
-36955 86441 3 -7
185256 -61699 -15 5
-234473 185201 19 -15
172838 -135768 -14 11
-135786 -222183 11 18
234565 172857 -19 -14
12356 -197493 -1 16
37066 -185148 -3 15
-234523 -12318 19 1
-246867 -222183 20 18
-135761 -197493 11 16
-37000 86442 3 -7
222246 -148113 -18 12
-74033 98787 6 -8
49418 160512 -4 -13
172873 -12318 -14 1
185219 -172803 -15 14
209910 -74043 -17 6
61771 -135768 -5 11
135842 123477 -11 -10
74118 -197493 -6 16
74119 -209838 -6 17
-160435 -12318 13 1
-36984 12372 3 -1
123502 209892 -10 -17
74123 123477 -6 -10
24744 148167 -2 -12
49435 27 -4 0
61781 -209838 -5 17
57 111132 0 -9
12403 123477 -1 -10
123509 -61698 -10 5
61785 27 -5 0
-160424 -222183 13 18
-160423 -209838 13 17
-222147 98787 18 -8
-36971 49407 3 -4
-234490 -12318 19 1
-172764 -24663 14 2
-123383 -222183 10 18
-222142 172857 18 -14
-222141 -24663 18 2
-246830 -209838 20 17
-36958 74097 3 -6
-111027 -74043 9 6
-73991 74097 6 -6
172910 209892 -14 -17
-86334 222237 7 -18
-12337 -61697 1 5
37044 -209837 -3 17
111115 234583 -9 -19
-98749 -37007 8 3
-222179 148168 18 -12
209897 -222182 -17 18
234588 -197492 -19 16
34 37063 0 -3
160520 172858 -13 -14
-209829 -148112 17 12
-197483 148168 16 -12
-86372 49408 7 -4
-209821 -12317 17 1
-74025 123478 6 -10
197566 -24662 -16 2
49427 -123422 -4 10
98811 -197492 -8 16
-172778 -86387 14 7
-148087 28 12 0
-160431 -246872 13 20
-148085 -185147 12 15
-24631 -234527 2 19
98820 -74042 -8 6
-234494 -246872 19 20
-148078 -209837 12 17
222273 49408 -18 -4
49444 160513 -4 -13
209930 49408 -17 -4
234621 -12317 -19 1
-209798 -74042 17 6
135863 -12317 -11 1
-160410 -185147 13 15
-86339 74098 7 -6
-148063 -197492 12 16
-246822 86443 20 -7
185254 -222182 -15 18
-73990 37063 6 -3
37043 -197491 -3 16
74079 -209836 -6 17
209875 -197491 -17 16
-246889 86444 20 -7
-49350 61754 4 -5
-49349 -222181 4 18
-172798 -74041 14 6
234588 209894 -19 -17
135829 -123421 -11 10
-197485 86444 16 -7
-246864 -24661 20 2
-209828 -111076 17 9
-61681 -86386 5 7
-172785 197549 14 -16
222256 -222181 -18 18
172880 209894 -14 -17
-123399 -24661 10 2
-111053 -98731 9 8
-49327 -98731 4 8
-185121 74099 15 -6
-49325 -148111 4 12
86471 98789 -7 -8
222267 86444 -18 -7
-36977 234584 3 -19
-12286 234584 1 -19
-148080 185204 12 -15
24751 -37006 -2 3
-197458 -148111 16 12
98823 222239 -8 -18
74134 98789 -6 -8
-209800 160514 17 -13
37101 -49351 -3 4
-148067 -123421 12 10
-209791 -197491 17 16
209940 -148111 -17 12
-197444 -185146 16 15
111182 234584 -9 -19
-61647 160514 5 -13
-61717 -234525 5 19
74079 -86385 -6 7
-160475 12375 13 -1
-172819 -74040 14 6
-86403 209895 7 -17
74098 -197490 -6 16
160514 -222180 -13 18
37065 61755 -3 -5
98791 30 -8 0
32 172860 0 -14
-111071 -172800 9 14
-123415 -135765 10 11
222246 12375 -18 -1
111142 -197490 -9 16
172868 -24660 -14 2
-74022 -185145 6 15
-160436 234585 13 -19
37085 -135765 -3 11
98811 222240 -8 -18
-61673 -222180 5 18
172883 -234525 -14 19
-185121 -222180 15 18
55 -160455 0 13
37091 61755 -3 -5
86472 98790 -7 -8
24748 30 -2 0
12404 222240 -1 -18
12405 30 -1 0
-160424 49410 13 -4
-111043 -234525 9 19
185238 197550 -15 -16
234619 135825 -19 -11
123515 111135 -10 -9
185246 -209835 -15 17
-160413 86445 13 -7
61798 98790 -5 -8
-86341 160515 7 -13
-49305 172860 4 -14
49456 -148110 -4 12
-36958 -209835 3 17
123459 111136 -10 -9
-135785 12376 11 -1
123461 -61694 -10 5
135807 37066 -11 -3
172856 24721 -14 -2
-246873 -222179 20 18
-74042 -234524 6 19
148169 148171 -12 -12
30 148171 0 -12
-172797 197551 14 -16
-222176 -185144 18 15
-86380 -74039 7 6
37071 135826 -3 -11
-74033 -98729 6 8
37073 -74039 -3 6
98799 222241 -8 -18
86464 24721 -7 -2
61775 -246869 -5 20
-24639 -61694 2 5
-172778 49411 14 -4
49433 -222179 -4 18
-160431 98791 13 -8
-24635 -246869 2 20
-98704 172861 8 -14
-185118 -74039 15 6
37093 -234524 -3 19
-36976 123481 3 -10
222270 148171 -18 -12
111166 74101 -9 -6
24752 86446 -2 -7
-185112 -12314 15 1
-86351 148171 7 -12
-148075 -222179 12 18
74136 -172799 -6 14
-98693 61756 8 -5
-172759 -24659 14 2
197592 37066 -16 -3
-86342 -61694 7 5
222284 -209834 -18 17
222285 -222179 -18 18
-209789 197551 17 -16
37112 160516 -3 -13
-111027 135826 9 -11
172839 -148108 -14 12
-74060 135827 6 -11
222221 32 -18 0
-135783 -160453 11 13
160498 -24658 -13 2
-148114 -160453 12 13
27 160517 0 -13
-98732 -148108 8 12
98789 -185143 -8 15
197550 -222178 -16 18
135826 74102 -11 -6
32 234587 0 -19
-135762 160517 11 -13
-123416 -74038 10 6
172865 -185143 -14 15
222246 -185143 -18 15
49417 197552 -4 -16
-123412 49412 10 -4
-209826 74102 17 -6
61786 185207 -5 -15
86477 -246868 -7 20
234618 222242 -19 -18
-111041 -234523 9 19
-148075 -61693 12 5
123516 74102 -10 -6
-86348 172862 7 -14
222278 24722 -18 -2
98833 -209833 -8 17
-24616 98792 2 -8
160560 74102 -13 -6
74146 98792 -6 -8
-148063 -37003 12 3
-197442 197552 16 -16
-209786 172862 17 -14
61805 -74038 -5 6
135876 12377 -11 -1
185185 -135762 -15 11
-135784 49413 11 -4
-246888 -135762 20 11
-61712 123483 5 -10
24704 74103 -2 -6
74097 185208 -6 -15
135823 -12312 -11 1
98789 -222177 -8 18
30 98793 0 -8
-234524 24723 19 -2
-222178 -37002 18 3
-24657 135828 2 -11
37069 61758 -3 -5
-135760 -185142 11 15
-24654 -49347 2 4
160522 74103 -13 -6
209903 -61692 -17 5
74123 148173 -6 -12
24744 234588 -2 -19
222265 -61692 -18 5
-86359 37068 7 -3
-172766 98793 14 -8
-12280 -172797 1 14
49446 -185142 -4 15
86482 234588 -7 -19
-86347 12378 7 -1
37104 -37002 -3 3
-36963 197553 3 -16
-246827 -222177 20 18
74144 -98727 -6 8
-135720 49413 11 -4
61802 -160452 -5 13
-49302 -222177 4 18
222289 234588 -18 -19
-222130 86448 18 -7
74151 172863 -6 -14
49390 123484 -4 -10
-12334 61759 1 -5
-172818 135829 14 -11
-160472 148174 13 -12
98774 172864 -8 -14
49395 -234521 -4 19
-135765 34 11 0
-197489 37069 16 -3
-111073 222244 9 -18
12378 234589 -1 -19
185228 -246866 -15 20
-36981 111139 3 -9
-12290 34 1 0
-123394 -98726 10 8
-222145 24724 18 -2
-12279 -246866 1 20
-111038 -61691 9 5
-49312 -123416 4 10
234624 -86381 -19 7
-111035 -135761 9 11
209938 222244 -17 -18
234629 234589 -19 -19
185250 222244 -15 -18
-98684 -123416 8 10
-197443 -197486 16 16
98838 -160451 -8 13
79 61759 0 -5
-246820 -61691 20 5
24701 -98725 -2 8
98772 86450 -8 -7
209878 -74035 -17 6
-246886 -185140 20 15
-160470 -185140 13 15
-24674 74105 2 -6
61774 37070 -5 -3
-246850 -197485 20 16
148191 -135760 -12 11
-74004 -234520 6 19
209932 -148105 -17 12
-123382 -172795 10 14
12414 -24655 -1 2
148210 12380 -12 -1
185250 209900 -15 -17
24766 -24655 -2 2
123527 172865 -10 -14
49458 123485 -4 -10
74082 -24654 -6 2
-98747 -49344 8 4
-234541 -123414 19 10
-61710 -12309 5 1
-197504 -24654 16 2
17 -197484 0 16
12363 111141 -1 -9
-197501 -185139 16 15
86463 37071 -7 -3
49 -209829 0 17
-185125 197556 15 -16
135846 -12309 -11 1
37101 24726 -3 -2
24757 148176 -2 -12
-172762 222246 14 -18
197589 -197484 -16 16
-185105 222246 15 -18
185251 148176 -15 -12
49457 74106 -4 -6
135873 148176 -11 -12
-234476 -209829 19 17
-86400 -98723 7 8
-111089 -209828 9 17
148157 -98723 -12 8
-197502 86452 16 -7
-222191 61762 18 -5
-148120 172867 12 -14
172851 -12308 -14 1
-222162 -86378 18 7
-86366 -49343 7 4
-197470 37 16 0
12396 -98723 -1 8
160551 -74033 -13 6
-246833 98797 20 -8
-222142 -148103 18 12
-234486 -24653 19 2
-61655 -61688 5 5
24761 -197483 -2 16
-185103 209902 15 -17
-24617 24727 2 -2
74 49417 0 -4
49455 74107 -4 -6
-246824 -160448 20 13
-98683 -135758 8 11
-12267 -74033 1 6
-197441 37 16 0
123455 74108 -10 -6
-234549 135833 19 -11
-148133 86453 12 -7
-61709 37073 5 -3
209882 37073 -17 -3
-86397 160523 7 -13
-185156 234593 15 -19
222230 209903 -18 -17
86436 74108 -7 -6
-111083 -209827 9 17
24713 86453 -2 -7
-135771 234593 11 -19
123475 172868 -10 -14
-148091 74108 12 -6
160535 -197482 -13 16
160536 61763 -13 -5
49432 38 -4 0
-74006 -61687 6 5
49445 98798 -4 -8
160551 -185137 -13 15
-135728 -148102 11 12
24758 -160447 -2 13
-74001 38 6 0
197590 222248 -16 -18
-61654 -61687 5 5
-197448 -135757 16 11
-148067 86453 12 -7
-24616 -74032 2 6
160560 -209827 -13 17
76 -172792 0 14
-160408 234593 13 -19
37113 -197482 -3 16
24694 39 -2 0
-160480 86454 13 -7
209871 -135756 -17 11
49387 -24651 -4 2
148148 98799 -12 -8
12354 -185136 -1 15
-172820 86454 14 -7
-234540 -24651 19 2
-234539 74109 19 -6
12362 -24651 -1 2
-12327 -49341 1 4
172849 -172791 -14 14
20 148179 0 -12
-185154 -49341 15 4
-209843 61764 17 -5
-209842 24729 17 -2
-74046 -209826 6 17
74095 -86376 -6 7
12371 234594 -1 -19
-61698 123489 5 -10
61753 135834 -5 -11
-234526 37074 19 -3
197550 135834 -16 -11
-172799 -160446 14 13
234605 135834 -19 -11
172881 -135756 -14 11
-197468 -123411 16 10
-98698 -123411 8 10
-234492 24729 19 -2
-197456 197559 16 -16
86480 49419 -7 -4
-197454 -74031 16 6
-98693 -98721 8 8
-12277 185214 1 -15
61798 49419 -5 -4
160489 -12305 -13 1
-197515 197560 16 -16
160491 197560 -13 -16
24697 24730 -2 -2
222218 123490 -18 -10
-135786 -98720 11 8
98770 -111065 -8 9
185186 222250 -15 -18
123462 222250 -10 -18
-160472 74110 13 -6
49394 -98720 -4 8
-49365 -12305 4 1
61741 40 -5 0
17 222250 0 -18
-148121 135835 12 -11
-172810 49420 14 -4
37056 172870 -3 -14
-12323 24730 1 -2
172853 40 -14 0
37059 40 -3 0
135820 -234515 -11 19
123476 -135755 -10 11
-98733 37075 8 -3
197548 -61685 -16 5
-111076 74110 9 -6
-135765 -209825 11 17
160516 12385 -13 -1
-209833 61765 17 -5
-111072 -98720 9 8
-49346 49420 4 -4
222245 -197480 -18 16
24726 -24650 -2 2
-185138 -197480 15 16
98798 -246860 -8 20
-24651 -148100 2 12
-209814 222250 17 -18
24742 74110 -2 -6
-12292 -98720 1 8
-197466 -148100 16 12
234614 98800 -19 -8
197580 185215 -16 -15
-185114 -12305 15 1
24752 123490 -2 -10
12408 -246860 -1 20
197584 -222170 -16 18
-98695 61765 8 -5
234559 -123409 -19 10
37040 -172789 -3 14
74076 37076 -6 -3
-172823 234596 14 -19
111114 -49339 -9 4
234565 -135754 -19 11
-222199 123491 18 -10
-12333 209906 1 -17
-61712 222251 5 -18
-234541 -160444 19 13
160500 197561 -13 -16
-135779 -36994 11 3
123467 -135754 -10 11
-172812 222251 14 -18
-111086 -209824 9 17
-49360 -12304 4 1
-209844 49421 17 -4
86437 -12304 -7 1
27 -61684 0 5
-209837 86456 17 -7
209894 24731 -17 -2
74100 -209824 -6 17
185206 135836 -15 -11
-37003 74111 3 -6
209898 -148099 -17 12
148174 197561 -12 -16
160520 111146 -13 -9
-36999 74111 3 -6
234592 41 -19 0
-172792 -36994 14 3
-209826 -246859 17 20
-123410 160526 10 -13
-209824 -222169 17 18
43 148181 0 -12
197564 -61684 -16 5
-185130 -24649 15 2
-234509 111146 19 -9
-49333 -98719 4 8
49428 -111064 -4 9
-160436 -246859 13 20
12395 -24649 -1 2
98811 209906 -8 -17
-172778 -49339 14 4
-234502 123491 19 -10
-36981 -246859 3 20
-135740 61766 11 -5
37091 197561 -3 -16
-111048 160526 9 -13
-246842 148181 20 -12
111164 -197479 -9 16
-172770 -185134 14 15
-98699 -36994 8 3
123512 -74029 -10 6
86478 98801 -7 -8
-98755 -160443 8 13
-148134 -209823 12 17
74077 172872 -6 -14
234563 -197478 -19 16
111116 135837 -9 -11
-197508 -74028 16 6
98773 222252 -8 -18
185189 -24648 -15 2
185190 -49338 -15 4
-111089 -24648 9 2
61742 98802 -5 -8
222228 185217 -18 -15
-111086 -172788 9 14
-222190 172872 18 -14
160515 -98718 -13 8
123481 185217 -10 -15
-148108 185217 12 -15
197553 111147 -16 -9
-24656 222252 2 -18
185210 -197478 -15 16
148176 111147 -12 -9
197557 -74028 -16 6
-160447 86457 13 -7
98799 209907 -8 -17
-222170 -61683 18 5
61767 -209823 -5 17
-172787 -24648 14 2
-111061 -24648 9 2
-246855 -24648 20 2
111151 -172788 -9 14
-86368 123492 7 -10
-209817 42 17 0
172879 -160443 -14 13
-123400 24732 10 -2
185226 172872 -15 -14
209917 111147 -17 -9
234608 42 -19 0
197574 148182 -16 -12
222265 -246858 -18 20
148196 -148098 -12 12
-209808 -24648 17 2
-160427 98802 13 -8
-123391 -197478 10 16
98820 -36993 -8 3
-209859 160528 17 -13
-49373 49423 4 -4
-98752 49423 8 -4
12354 135838 -1 -11
234568 43 -19 0
197534 61768 -16 -5
135810 185218 -11 -15
98776 -61682 -8 5
222227 -209822 -18 17
-49362 -246857 4 20
-222182 -111062 18 9
-209836 -74027 17 6
185205 -222167 -15 18
49411 209908 -4 -17
-197488 43 16 0
-61692 98803 5 -8
172864 -86372 -14 7
-148105 -98717 12 8
185211 -246857 -15 20
-234518 197563 19 -16
74108 -98717 -6 8
-111066 123493 9 -10
-86374 24733 7 -2
-234513 160528 19 -13
-222167 -12302 18 1
160529 197563 -13 -16
-246855 -197477 20 16
61772 86458 -5 -7
-246852 -148097 20 12
49 -61682 0 5
86465 -24647 -7 2
160536 160528 -13 -13
-172778 -111062 14 9
-222157 148183 18 -12
-160431 49423 13 -4
-61670 123493 5 -10
234611 -86372 -19 7
-172773 49423 14 -4
-185168 12389 15 -1
-246892 -74026 20 6
185184 -148096 -15 12
148150 -36991 -12 3
11 37079 0 -3
-111093 -246856 9 20
-98747 148184 8 -12
160499 135839 -13 -11
-86400 -185131 7 15
111121 98804 -9 -8
-172802 172874 14 -14
123479 234599 -10 -19
30 -12301 0 1
12376 37079 -1 -3
49412 -246856 -4 20
135828 -123406 -11 10
-209831 -148096 17 12
-197485 12389 16 -1
-111069 172874 9 -14
222247 123494 -18 -10
222248 123494 -18 -10
12386 -160441 -1 13
37077 -222166 -3 18
172873 -36991 -14 3
-98716 -234511 8 19
185183 86460 -15 -7
-185166 -111060 15 9
-74060 234600 6 -19
-98749 98805 8 -8
24702 12390 -2 -1
-197507 234600 16 -19
12359 -74025 -1 6
29 -12300 0 1
209895 -148095 -17 12
-12314 -234510 1 19
74102 -111060 -6 9
234588 24735 -19 -2
197554 -36990 -16 3
209900 -74025 -17 6
98796 -61680 -8 5
234595 -61680 -19 5
-209824 -86370 17 7
135837 -36990 -11 3
222253 172875 -18 -14
10 -197474 0 16
-123439 -123404 10 10
-98748 135841 8 -11
37064 12391 -3 -1
-61695 160531 5 -13
197551 -135749 -16 11
-246868 -74024 20 6
74103 -123404 -6 10
61759 24736 -5 -2
197559 135841 -16 -11
197560 -12299 -16 1
-234514 -49334 19 4
-123408 185221 10 -15
111135 -36988 -9 3
-37004 160532 3 -13
148172 -74023 -12 6
209898 24737 -17 -2
61759 160532 -5 -13
197555 -234508 -16 19
49418 -24643 -4 2
-222171 222257 18 -18
-24650 -148093 2 12
197561 47 -16 0
-160454 -61677 13 5
49412 -197472 -4 16
111138 -222162 -9 18
148174 -86367 -12 7
-185140 -185127 15 15
172866 148188 -14 -12
-209828 -61677 17 5
-12307 -24642 1 2
197559 74118 -16 -6
-123410 98808 10 -8
49413 197569 -4 -16
-49346 -86366 4 7
-148105 74119 12 -6
61761 111154 -5 -9
234592 -111056 -19 9
111143 74119 -9 -6
-148101 -61676 12 5